pressure temperature CH4 H2S 
974.698 498.15 0.0386357 0.0012166 
950.037 496.012 0.0386623 0.00121744 
925.999 493.873 0.0386886 0.00121827 
902.57 491.735 0.0387147 0.00121909 
879.734 489.597 0.0387406 0.00121991 
857.475 487.459 0.0387662 0.00122071 
835.78 485.321 0.0387916 0.00122151 
814.633 483.183 0.0388167 0.0012223 
794.022 481.044 0.0388415 0.00122309 
773.932 478.906 0.0388661 0.00122386 
754.35 476.768 0.0388904 0.00122462 
735.264 474.63 0.0389144 0.00122538 
716.66 472.492 0.0389381 0.00122613 
698.528 470.354 0.0389615 0.00122686 
680.854 468.215 0.0389846 0.00122759 
663.626 466.077 0.0390074 0.00122831 
646.835 463.939 0.0390298 0.00122901 
630.469 461.801 0.0390519 0.00122971 
614.518 459.663 0.0390736 0.00123039 
598.969 457.524 0.039095 0.00123107 
583.814 455.386 0.039116 0.00123173 
569.043 453.248 0.0391366 0.00123238 
554.645 451.11 0.0391569 0.00123302 
540.612 448.972 0.0391767 0.00123364 
526.934 446.833 0.0391962 0.00123425 
513.601 444.695 0.0392153 0.00123485 
500.606 442.557 0.0392339 0.00123544 
487.94 440.318 0.0392522 0.00123602 
475.595 438.075 0.03927 0.00123658 
463.561 435.831 0.0392874 0.00123712 
451.833 433.588 0.0393043 0.00123766 
440.401 431.344 0.0393208 0.00123818 
429.258 429.1 0.0393369 0.00123868 
418.397 426.857 0.0393525 0.00123918 
407.811 424.613 0.0393677 0.00123965 
397.493 422.37 0.0393824 0.00124012 
387.435 420.126 0.0393967 0.00124057 
377.633 417.882 0.0394105 0.001241 
368.078 415.639 0.0394238 0.00124142 
358.765 413.395 0.0394367 0.00124183 
349.688 411.151 0.0394492 0.00124222 
340.84 408.908 0.0394611 0.0012426 
332.216 406.664 0.0394727 0.00124296 
323.811 404.421 0.0394837 0.00124331 
315.618 402.177 0.0394944 0.00124364 
307.632 399.933 0.0395046 0.00124396 
299.849 397.69 0.0395143 0.00124427 
292.262 395.446 0.0395236 0.00124456 
284.867 393.202 0.0395325 0.00124484 
277.66 390.959 0.039541 0.00124511 
270.634 388.715 0.039549 0.00124536 
263.786 386.471 0.0395567 0.0012456 
257.112 384.228 0.0395639 0.00124583 
250.607 381.984 0.0395708 0.00124605 
244.266 379.741 0.0395773 0.00124625 
238.086 377.497 0.0395835 0.00124645 
232.062 375.253 0.0395893 0.00124663 
226.19 373.01 0.0395947 0.0012468 
220.467 370.766 0.0395998 0.00124696 
214.889 368.522 0.0396046 0.00124711 
209.452 366.279 0.0396092 0.00124726 
204.153 364.035 0.0396134 0.00124739 
198.987 361.776 0.0396173 0.00124751 
193.953 359.456 0.039621 0.00124763 
189.045 357.136 0.0396244 0.00124774 
184.262 354.815 0.0396276 0.00124784 
179.6 352.495 0.0396306 0.00124793 
175.056 350.174 0.0396333 0.00124802 
170.627 347.854 0.0396358 0.0012481 
166.31 345.534 0.0396382 0.00124817 
162.102 343.213 0.0396404 0.00124824 
158.0 340.893 0.0396424 0.0012483 
154.003 338.572 0.0396442 0.00124836 
150.106 336.252 0.0396459 0.00124841 
146.308 333.931 0.0396474 0.00124846 
142.606 331.611 0.0396489 0.00124851 
138.998 329.291 0.0396502 0.00124855 
135.481 326.97 0.0396514 0.00124859 
132.054 324.65 0.0396524 0.00124862 
128.712 322.329 0.0396534 0.00124865 
125.456 320.009 0.0396543 0.00124868 
122.282 317.689 0.0396551 0.0012487 
119.188 315.368 0.0396559 0.00124873 
116.172 313.048 0.0396566 0.00124875 
113.233 310.727 0.0396572 0.00124877 
110.368 308.407 0.0396577 0.00124879 
107.575 306.086 0.0396582 0.0012488 
104.853 303.766 0.0396587 0.00124882 
102.2 301.446 0.0396591 0.00124883 
99.6144 299.165 0.0396594 0.00124884 
97.094 297.108 0.0396659 0.00114071 
94.6374 295.051 0.0396711 0.00107789 
92.2429 292.994 0.0396759 0.00102191 
89.909 290.937 0.0396801 0.000972503 
87.6342 288.881 0.0396837 0.000929339 
85.4169 286.824 0.0396869 0.000892053 
83.2557 284.767 0.0396896 0.000860229 
81.1492 282.71 0.0396919 0.000833405 
79.096 280.653 0.0396938 0.000811083 
77.0948 278.596 0.0396954 0.000792743 
75.1442 276.539 0.0396967 0.00077786 
73.2429 274.482 0.0396977 0.000765924 
71.3897 272.426 0.0396985 0.000756454 
69.5835 270.369 0.0396992 0.000749015 
67.8229 268.312 0.0396997 0.000743224 
66.1069 266.255 0.0397001 0.00073875 
64.4343 264.198 0.0397005 0.00073532 
62.804 262.141 0.0397007 0.000732705 
61.2149 260.084 0.0397009 0.000730724 
59.6661 258.027 0.039701 0.00072923 
58.1565 255.971 0.0397011 0.000728109 
56.685 253.914 0.0397012 0.000727271 
55.2508 251.857 0.0397013 0.000726648 
53.8529 249.8 0.0397014 0.000726186 
52.4903 247.743 0.0397014 0.000725845 
51.1622 245.686 0.0397014 0.000725594 
49.8677 243.659 0.0397014 0.00072541 
48.606 241.891 0.0397015 0.000725276 
47.3762 240.122 0.0397015 0.000725178 
46.1775 238.354 0.0397015 0.000725108 
45.0091 236.585 0.0397015 0.000725056 
43.8703 234.817 0.0397015 0.000725019 
42.7603 233.048 0.0397015 0.000724993 
41.6784 231.28 0.0397015 0.000724974 
40.6238 229.511 0.0397015 0.00072496 
39.596 227.743 0.0397015 0.000724951 
38.5942 225.974 0.0397015 0.000724944 
37.6177 224.206 0.0397015 0.000724939 
36.6659 222.437 0.0397015 0.000724936 
35.7382 220.669 0.0397015 0.000724933 
34.8339 218.9 0.0397015 0.000724932 
33.9526 217.132 0.0397015 0.000724931 
33.0935 215.363 0.0397015 0.00072493 
32.2562 213.595 0.0397015 0.000724929 
31.4401 211.827 0.0397015 0.000724929 
30.6446 210.058 0.0397015 0.000724929 
29.8693 208.322 0.0397015 0.000724929 
29.1135 206.741 0.0397015 0.000724928 
28.3769 205.161 0.0397015 0.000724928 
27.6589 203.58 0.0397015 0.000724928 
26.9591 202.0 0.0397015 0.000724928 
26.277 200.419 0.0397015 0.000724928 
25.6121 198.839 0.0397015 0.000724928 
24.9641 197.258 0.0397015 0.000724928 
24.3325 195.678 0.0397015 0.000724928 
23.7169 194.097 0.0397015 0.000724928 
23.1168 192.517 0.0397015 0.000724928 
22.5319 190.936 0.0397015 0.000724928 
21.9618 189.356 0.0397015 0.000724928 
21.4062 187.775 0.0397015 0.000724928 
20.8646 186.195 0.0397015 0.000724928 
20.3366 184.614 0.0397015 0.000724928 
19.8221 183.106 0.0397015 0.000724928 
19.3206 181.731 0.0397015 0.000724928 
18.8317 180.356 0.0397015 0.000724928 
18.3553 178.981 0.0397015 0.000724928 
17.8908 177.607 0.0397015 0.000724928 
17.4382 176.232 0.0397015 0.000724928 
16.9969 174.857 0.0397015 0.000724928 
16.5669 173.482 0.0397015 0.000724928 
16.1477 172.107 0.0397015 0.000724928 
15.7391 170.733 0.0397015 0.000724928 
15.3409 169.358 0.0397017 0.000719104 
14.9528 167.983 0.0397048 0.000641853 
14.5744 166.608 0.0397076 0.00057169 
14.2057 165.234 0.0397101 0.000508125 
13.8463 163.859 0.0397124 0.000450683 
13.4959 162.484 0.0397145 0.0003989 
13.1545 161.109 0.0397163 0.000352333 
12.8216 159.734 0.039718 0.000310559 
12.4972 158.36 0.0397195 0.000273174 
12.181 156.985 0.0397208 0.000239795 
11.8728 155.61 0.039722 0.000210062 
11.5724 154.235 0.039723 0.000183639 
11.2796 152.861 0.039724 0.000160211 
10.9942 151.486 0.0397248 0.000139486 
10.7161 150.111 0.0397255 0.000121194 
10.4449 148.736 0.0397261 0.000105084 
10.1807 147.362 0.0397267 9.09289e-05 
9.92307 146.028 0.0397272 7.85184e-05 
9.672 144.789 0.0397276 6.76616e-05 
9.42729 143.55 0.039728 5.8185e-05 
9.18876 142.31 0.0397283 4.99313e-05 
8.95627 141.071 0.0397286 4.27586e-05 
8.72967 139.863 0.0397289 3.6539e-05 
8.50879 138.662 0.0397291 3.11577e-05 
8.29351 137.461 0.0397293 2.65121e-05 
8.08367 136.259 0.0397294 2.25105e-05 
7.87914 135.071 0.0397296 1.90713e-05 
7.67978 133.912 0.0397297 1.61221e-05 
7.48547 132.754 0.0397298 1.35988e-05 
7.29608 131.595 0.0397299 1.14449e-05 
7.11148 130.437 0.0397299 9.61029e-06 
6.93155 129.301 0.03973 8.05143e-06 
6.75615 128.171 0.0397301 6.7298e-06 
6.58521 127.041 0.0397301 5.61209e-06 
6.4186 125.911 0.0397301 4.66903e-06 
6.2562 124.791 0.0397302 3.87519e-06 
6.0979 123.692 0.0397302 3.2086e-06 
5.94362 122.592 0.0397302 2.65023e-06 
5.79324 121.493 0.0397302 2.18365e-06 
5.64666 120.394 0.0397302 1.79474e-06 
5.50379 119.32 0.0397303 1.47139e-06 
5.36453 118.253 0.0397303 1.20324e-06 
5.2288 117.185 0.0397303 9.81429e-07 
5.09651 116.117 0.0397303 7.98432e-07 
4.96756 115.06 0.0397303 6.4785e-07 
4.84187 114.024 0.0397303 5.24274e-07 
4.71936 112.988 0.0397303 4.2313e-07 
4.59996 111.952 0.0397303 3.40573e-07 
4.48357 110.917 0.0397303 2.73372e-07 
4.37013 109.909 0.0397303 2.18823e-07 
4.25956 108.904 0.0397303 1.74667e-07 
4.15178 107.9 0.0397303 1.39027e-07 
4.04674 106.896 0.0397303 1.10343e-07 
3.94435 105.903 0.0397303 8.73232e-08 
3.84455 104.931 0.0397303 6.8904e-08 
3.74728 103.958 0.0397303 5.42095e-08 
3.65247 102.986 0.0397303 4.25214e-08 
3.56005 102.014 0.0397303 3.32529e-08 
3.46998 101.07 0.0397303 2.59256e-08 
3.38218 100.129 0.0397303 2.01506e-08 
3.29661 99.1886 0.0397303 1.79883e-08 
3.2132 98.2478 0.0383089 1.60284e-08 
3.1319 97.3182 0.0372062 1.44746e-08 
3.05266 96.4093 0.0361085 1.30525e-08 
2.97542 95.5004 0.0350206 1.17525e-08 
2.90014 94.5914 0.0339427 1.05655e-08 
2.82676 93.6825 0.032875 9.48306e-09 
2.75524 92.8014 0.0318178 8.49719e-09 
2.68552 91.9231 0.0307714 7.60042e-09 
2.61757 91.0448 0.0297362 6.78602e-09 
2.55135 90.1665 0.0287124 6.04743e-09 
2.48679 89.2997 0.0277002 5.3786e-09 
2.42387 88.4528 0.0267002 4.77392e-09 
2.36254 87.606 0.0257124 4.22814e-09 
2.30277 86.7592 0.0247375 3.73642e-09 
2.24451 85.9124 0.0237756 3.2942e-09 
2.18772 85.3794 0.0228272 2.89726e-09 
2.13236 84.8731 0.0218927 2.54169e-09 
2.07841 84.3668 0.0209725 2.22385e-09 
2.02582 83.8605 0.020067 1.94037e-09 
1.97457 83.3901 0.0191766 1.68814e-09 
1.92461 82.9558 0.0183019 1.46425e-09 
1.87591 82.5215 0.0174433 1.26604e-09 
1.82845 82.0872 0.0166012 1.09104e-09 
1.78219 81.6529 0.0157763 9.36973e-10 
1.73709 81.1998 0.0149689 8.01751e-10 
1.69314 80.7458 0.0141796 6.83444e-10 
1.6503 80.2918 0.013409 5.80288e-10 
1.60855 79.8378 0.0126577 4.90658e-10 
1.56785 79.377 0.0119261 4.13073e-10 
1.52818 78.9005 0.0112148 3.4618e-10 
1.48952 78.4241 0.0105243 2.88745e-10 
1.45183 77.9476 0.00985534 2.39646e-10 
1.41509 77.4712 0.0092083 1.97869e-10 
1.37929 76.9721 0.00858374 1.62495e-10 
1.34439 76.4694 0.00798217 1.32695e-10 
1.31038 75.9667 0.00740404 1.07726e-10 
1.27722 75.464 0.0068498 8.6926e-11 
1.24491 74.9482 0.00631982 6.96993e-11 
1.21341 74.4176 0.00581442 5.55221e-11 
1.18271 73.887 0.00533388 4.39303e-11 
1.15278 73.3564 0.00487836 3.45168e-11 
1.12362 72.8258 0.00444796 2.69264e-11 
1.09519 72.2531 0.00404266 2.08504e-11 
1.06748 71.6744 0.0036624 1.60245e-11 
1.04047 71.0957 0.00330692 1.22212e-11 
1.01414 70.5171 0.00297591 9.24794e-12 
0.988482 70.0294 0.0026689 6.94276e-12 
0.963471 69.6519 0.00250234 5.77877e-12 
0.939094 69.2744 0.00234386 4.79896e-12 
0.915334 68.8969 0.00219324 3.97605e-12 
0.892174 68.5194 0.00205021 3.28652e-12 
0.869601 68.1625 0.00192445 2.74277e-12 
0.847599 67.8068 0.00180523 2.28553e-12 
0.826153 67.451 0.0016918 1.90034e-12 
0.80525 67.0953 0.00158397 1.57655e-12 
0.784876 66.7286 0.00147734 1.29632e-12 
0.765017 66.3486 0.00137159 1.05463e-12 
0.745661 65.9686 0.00127194 8.55719e-13 
0.726795 65.5885 0.00117816 6.92435e-13 
0.708406 65.2085 0.00108999 5.58761e-13 
0.690482 64.7866 0.000995565 4.37662e-13 
0.673012 64.3637 0.000907694 3.41385e-13 
0.655984 63.9408 0.000826287 2.65323e-13 
0.639386 63.5179 0.000750983 2.05447e-13 
0.623209 63.0854 0.000679536 1.5746e-13 
0.607441 62.6428 0.000611975 1.1936e-13 
0.592071 62.2002 0.00055011 9.00896e-14 
0.577091 61.7576 0.000493562 6.76988e-14 
0.56249 61.315 0.000441972 5.06447e-14 
0.548258 60.9122 0.000399945 3.88207e-14 
0.534386 60.5107 0.000361472 2.96726e-14 
0.520865 60.1092 0.000326146 2.25911e-14 
0.507687 59.7077 0.000293765 1.71309e-14 
0.494841 59.4132 0.000273636 1.40439e-14 
0.482321 59.2335 0.000264536 1.25507e-14 
0.470118 59.0537 0.000255646 1.12069e-14 
0.458223 58.8739 0.000246964 9.9984e-15 
0.446629 58.6943 0.000238498 8.91334e-15 
0.435328 58.5177 0.000230477 7.95849e-15 
0.424314 58.3411 0.000222646 7.10001e-15 
0.413578 58.1645 0.000215003 6.32875e-15 
0.403114 57.988 0.000207545 5.63647e-15 
0.392914 57.81 0.000200176 5.00997e-15 
0.382973 57.6307 0.000192902 4.44426e-15 
0.373283 57.4514 0.00018582 3.93884e-15 
0.363838 57.2721 0.000178928 3.4877e-15 
0.354633 57.0929 0.00017223 3.0857e-15 
0.34566 56.9167 0.000165897 2.73437e-15 
0.336914 56.7405 0.000159733 2.42084e-15 
0.32839 56.5644 0.000153738 2.14129e-15 
0.320081 56.3882 0.000147909 1.89227e-15 
0.311982 56.255 0.000144512 1.73318e-15 
0.304089 56.165 0.000143426 1.64635e-15 
0.296395 56.0749 0.000142333 1.56349e-15 
0.288896 55.9849 0.000141233 1.48443e-15 
0.281586 55.895 0.000140133 1.40916e-15 
0.274462 55.8069 0.000139126 1.33959e-15 
0.267517 55.7189 0.000138111 1.27315e-15 
0.260749 55.6309 0.00013709 1.20971e-15 
0.254151 55.5429 0.000136062 1.14915e-15 
0.247721 55.4538 0.000134973 1.09034e-15 
0.241453 55.3637 0.000133828 1.03338e-15 
0.235344 55.2736 0.000132679 9.79143e-16 
0.229389 55.1836 0.000131524 9.27511e-16 
0.223586 55.0935 0.000130363 8.78351e-16 
0.217929 55.003 0.000129181 8.31314e-16 
0.212415 54.9126 0.000127994 7.86589e-16 
0.20704 54.8221 0.000126804 7.44072e-16 
0.201802 54.7317 0.000125611 7.03664e-16 
0.196696 54.6714 0.000125887 6.837e-16 
0.191719 54.6274 0.00012696 6.74079e-16 
0.186868 54.5834 0.000128038 6.64553e-16 
0.18214 54.5395 0.000129123 6.5512e-16 
0.177532 54.4956 0.000130218 6.45837e-16 
0.17304 54.4526 0.000131364 6.37154e-16 
0.168662 54.4096 0.000132516 6.28547e-16 
0.164394 54.3666 0.000133675 6.20022e-16 
0.160235 54.3236 0.00013484 6.11572e-16 
0.156181 54.2898 0.000136511 6.08345e-16 
0.152229 54.2673 0.000138814 6.11381e-16 
0.148377 54.2448 0.000141156 6.1442e-16 
0.144623 54.2223 0.000143536 6.17466e-16 
0.140964 54.1995 0.000145941 6.20384e-16 
0.137397 54.154 0.000147049 6.10337e-16 
0.133921 54.1084 0.00014816 6.0041e-16 
0.130533 54.0628 0.000149275 5.90603e-16 
0.12723 54.0173 0.000150394 5.80914e-16 
0.124011 53.973 0.000151593 5.72019e-16 
0.120873 53.9295 0.000152846 5.6363e-16 
0.117815 53.8859 0.000154104 5.55328e-16 
0.114834 53.8424 0.000155368 5.47113e-16 
0.111928 53.8 0.000156707 5.39532e-16 
0.109096 53.8 0.000160775 5.53537e-16 
0.106336 53.8 0.000164948 5.67906e-16 
0.103646 53.8 0.00016923 5.82648e-16 
0.101023 53.8 0.000173623 5.97772e-16 
0.0984672 53.8134 0.000179091 6.20999e-16 
0.0959759 53.8356 0.000185387 6.50454e-16 
0.0935475 53.8578 0.000191902 6.81293e-16 
0.0911806 53.88 0.000198645 7.13584e-16 
0.0888736 53.9022 0.000205623 7.47396e-16 
0.086625 53.9245 0.000212852 7.82855e-16 
0.0844332 53.9468 0.000220334 8.19983e-16 
0.0822969 53.9691 0.000228077 8.5886e-16 
0.0802147 53.9914 0.000236091 8.99563e-16 
0.0781851 54.0137 0.000244384 9.4218e-16 
0.0762069 54.036 0.000252966 9.86794e-16 
0.0742788 54.0583 0.000261848 1.03351e-15 
0.0723994 54.0806 0.000271041 1.08242e-15 
0.0705675 54.1057 0.00028087 1.13659e-15 
0.068782 54.1501 0.000293288 1.21483e-15 
0.0670418 54.1945 0.000306244 1.29836e-15 
0.0653455 54.2389 0.000319764 1.38754e-15 
0.0636922 54.2832 0.000333872 1.48276e-15 
0.0620807 54.3276 0.000348592 1.5844e-15 
0.0605099 54.372 0.00036395 1.69289e-15 
0.0589789 54.4164 0.000379974 1.8087e-15 
0.0574867 54.4608 0.000396692 1.9323e-15 
0.0560321 54.5118 0.000415204 2.0766e-15 
0.0546144 54.6125 0.000443094 2.33452e-15 
0.0532326 54.7132 0.000472788 2.6236e-15 
0.0518857 54.814 0.000504401 2.94749e-15 
0.0505729 54.9147 0.000538048 3.31025e-15 
0.0492934 55.0155 0.000573859 3.71642e-15 
0.0480462 55.1162 0.000611968 4.17106e-15 
0.0468305 55.217 0.000652514 4.67981e-15 
0.0456456 55.3177 0.000695649 5.24888e-15 
0.0444907 55.4265 0.00074379 5.92694e-15 
0.043365 55.571 0.000805944 6.90315e-15 
0.0422678 55.7156 0.000873042 8.03485e-15 
0.0411984 55.8602 0.000945461 9.34597e-15 
0.040156 56.0048 0.0010236 1.0864e-14 
0.03914 56.1493 0.0011079 1.26205e-14 
0.0381497 56.2939 0.0011988 1.46516e-14 
0.0371845 56.4385 0.00129681 1.69988e-14 
0.0362436 56.583 0.00140245 1.97097e-14 
0.0353266 56.7298 0.00140245 1.97097e-14 
0.0344328 56.8856 0.00140245 1.97097e-14 
0.0335616 57.0415 0.00140245 1.97097e-14 
0.0327124 57.1973 0.00140245 1.97097e-14 
0.0318848 57.3532 0.00140245 1.97097e-14 
0.031078 57.509 0.00140245 1.97097e-14 
0.0302917 57.6649 0.00140245 1.97097e-14 
0.0295253 57.8207 0.00140245 1.97097e-14 
0.0287782 57.9766 0.00140245 1.97097e-14 
0.0280501 58.1555 0.00140245 1.97097e-14 
0.0273404 58.4227 0.00140245 1.97097e-14 
0.0266486 58.6898 0.00140245 1.97097e-14 
0.0259744 58.9569 0.00140245 1.97097e-14 
0.0253172 59.224 0.00140245 1.97097e-14 
0.0246766 59.4911 0.00140245 1.97097e-14 
0.0240523 59.7582 0.00140245 1.97097e-14 
0.0234437 60.0253 0.00140245 1.97097e-14 
0.0228506 60.2924 0.00140245 1.97097e-14 
0.0222724 60.5597 0.00140245 1.97097e-14 
0.0217089 60.8272 0.00140245 1.97097e-14 
0.0211596 61.0948 0.00140245 1.97097e-14 
0.0206242 61.3624 0.00140245 1.97097e-14 
0.0201024 61.63 0.00140245 1.97097e-14 
0.0195938 61.8975 0.00140245 1.97097e-14 
0.019098 62.1651 0.00140245 1.97097e-14 
0.0186148 62.4327 0.00140245 1.97097e-14 
0.0181438 62.7002 0.00140245 1.97097e-14 
0.0176848 63.0059 0.00140245 1.97097e-14 
0.0172373 63.4238 0.00140245 1.97097e-14 
0.0168012 63.8417 0.00140245 1.97097e-14 
0.0163761 64.2597 0.00140245 1.97097e-14 
0.0159617 64.6776 0.00140245 1.97097e-14 
0.0155579 65.0955 0.00140245 1.97097e-14 
0.0151642 65.5134 0.00140245 1.97097e-14 
0.0147806 65.9313 0.00140245 1.97097e-14 
0.0144066 66.3492 0.00140245 1.97097e-14 
0.0140421 66.7697 0.00140245 1.97097e-14 
0.0136868 67.2038 0.00140245 1.97097e-14 
0.0133405 67.6378 0.00140245 1.97097e-14 
0.013003 68.0719 0.00140245 1.97097e-14 
0.012674 68.506 0.00140245 1.97097e-14 
0.0123533 68.94 0.00140245 1.97097e-14 
0.0120407 69.3741 0.00140245 1.97097e-14 
0.0117361 69.8081 0.00140245 1.97097e-14 
0.0114391 70.2422 0.00140245 1.97097e-14 
0.0111497 70.6826 0.00140245 1.97097e-14 
0.0108676 71.1532 0.00140245 1.97097e-14 
0.0105926 71.6237 0.00140245 1.97097e-14 
0.0103246 72.0943 0.00140245 1.97097e-14 
0.0100634 72.5648 0.00140245 1.97097e-14 
0.00980878 73.0354 0.00140245 1.97097e-14 
0.0095606 73.506 0.00140245 1.97097e-14 
0.0093187 73.9765 0.00140245 1.97097e-14 
0.00908293 74.4471 0.00140245 1.97097e-14 
0.00885311 74.995 0.00140245 1.97097e-14 
0.00862911 75.7753 0.00140245 1.97097e-14 
0.00841078 76.5556 0.00140245 1.97097e-14 
0.00819797 77.3359 0.00140245 1.97097e-14 
0.00799055 78.1162 0.00140245 1.97097e-14 
0.00778838 78.8965 0.00140245 1.97097e-14 
0.00759132 79.6768 0.00140245 1.97097e-14 
0.00739925 80.4571 0.00140245 1.97097e-14 
0.00721204 81.2374 0.00140245 1.97097e-14 
0.00702956 82.0415 0.00140245 1.97097e-14 
0.0068517 82.907 0.00140245 1.97097e-14 
0.00667834 83.7726 0.00140245 1.97097e-14 
0.00650937 84.6381 0.00140245 1.97097e-14 
0.00634467 85.5037 0.00140245 1.97097e-14 
0.00618414 86.3692 0.00140245 1.97097e-14 
0.00602767 87.2348 0.00140245 1.97097e-14 
0.00587517 88.1003 0.00140245 1.97097e-14 
0.00572651 88.9659 0.00140245 1.97097e-14 
0.00558162 89.8506 0.00140245 1.97097e-14 
0.0054404 90.7878 0.00140245 1.97097e-14 
0.00530275 91.725 0.00140245 1.97097e-14 
0.00516858 92.6622 0.00140245 1.97097e-14 
0.00503781 93.5994 0.00140245 1.97097e-14 
0.00491034 94.5366 0.00140245 1.97097e-14 
0.0047861 95.4738 0.00140245 1.97097e-14 
0.00466501 96.411 0.00140245 1.97097e-14 
0.00454697 97.3482 0.00140245 1.97097e-14 
0.00443193 98.2854 0.00140245 1.97097e-14 
0.00431979 98.9381 0.00140245 1.97097e-14 
0.0042105 99.2444 0.00140245 1.97097e-14 
0.00410396 99.5508 0.00140245 1.97097e-14 
0.00400013 99.8571 0.00140245 1.97097e-14 
0.00389892 100.163 0.00140245 1.97097e-14 
0.00380027 100.47 0.00140245 1.97097e-14 
0.00370412 100.776 0.00140245 1.97097e-14 
0.0036104 101.082 0.00140245 1.97097e-14 
0.00351904 101.389 0.00140245 1.97097e-14 
0.00343001 101.695 0.00140245 1.97097e-14 
0.00334322 102.005 0.00140245 1.97097e-14 
0.00325863 102.316 0.00140245 1.97097e-14 
0.00317619 102.627 0.00140245 1.97097e-14 
0.00309582 102.938 0.00140245 1.97097e-14 
0.00301749 103.25 0.00140245 1.97097e-14 
0.00294115 103.561 0.00140245 1.97097e-14 
0.00286673 103.872 0.00140245 1.97097e-14 
0.0027942 104.183 0.00140245 1.97097e-14 
0.0027235 104.495 0.00140245 1.97097e-14 
0.00265459 104.81 0.00140245 1.97097e-14 
0.00258743 105.126 0.00140245 1.97097e-14 
0.00252196 105.443 0.00140245 1.97097e-14 
0.00245815 105.759 0.00140245 1.97097e-14 
0.00239596 106.076 0.00140245 1.97097e-14 
0.00233534 106.393 0.00140245 1.97097e-14 
0.00227625 106.709 0.00140245 1.97097e-14 
0.00221865 107.026 0.00140245 1.97097e-14 
0.00216252 107.345 0.00140245 1.97097e-14 
0.0021078 107.675 0.00140245 1.97097e-14 
0.00205447 108.005 0.00140245 1.97097e-14 
0.00200249 108.336 0.00140245 1.97097e-14 
0.00195182 108.666 0.00140245 1.97097e-14 
0.00190244 108.997 0.00140245 1.97097e-14 
0.00185431 109.327 0.00140245 1.97097e-14 
0.00180739 109.657 0.00140245 1.97097e-14 
0.00176166 109.988 0.00140245 1.97097e-14 
0.00171709 110.321 0.00140245 1.97097e-14 
0.00167364 110.654 0.00140245 1.97097e-14 
0.0016313 110.987 0.00140245 1.97097e-14 
0.00159002 111.321 0.00140245 1.97097e-14 
0.00154979 111.654 0.00140245 1.97097e-14 
0.00151058 111.987 0.00140245 1.97097e-14 
0.00147236 112.32 0.00140245 1.97097e-14 
0.0014351 112.654 0.00140245 1.97097e-14 
0.00139879 113.008 0.00140245 1.97097e-14 
0.0013634 113.365 0.00140245 1.97097e-14 
0.00132891 113.723 0.00140245 1.97097e-14 
0.00129528 114.081 0.00140245 1.97097e-14 
0.00126251 114.438 0.00140245 1.97097e-14 
0.00123057 114.796 0.00140245 1.97097e-14 
0.00119943 115.153 0.00140245 1.97097e-14 
0.00116908 115.511 0.00140245 1.97097e-14 
0.0011395 115.862 0.00140245 1.97097e-14 
0.00111067 116.214 0.00140245 1.97097e-14 
0.00108257 116.566 0.00140245 1.97097e-14 
0.00105518 116.917 0.00140245 1.97097e-14 
0.00102848 117.269 0.00140245 1.97097e-14 
0.00100246 117.62 0.00140245 1.97097e-14 
0.000977097 117.972 0.00140245 1.97097e-14 
0.000952375 118.326 0.00140245 1.97097e-14 
0.000928279 118.684 0.00140245 1.97097e-14 
0.000904791 119.041 0.00140245 1.97097e-14 
0.000881898 119.399 0.00140245 1.97097e-14 
0.000859585 119.757 0.00140245 1.97097e-14 
0.000837836 120.115 0.00140245 1.97097e-14 
0.000816637 120.472 0.00140245 1.97097e-14 
0.000795975 120.83 0.00140245 1.97097e-14 
0.000775836 121.193 0.00140245 1.97097e-14 
0.000756206 121.557 0.00140245 1.97097e-14 
0.000737073 121.922 0.00140245 1.97097e-14 
0.000718424 122.286 0.00140245 1.97097e-14 
0.000700246 122.65 0.00140245 1.97097e-14 
0.000682529 123.015 0.00140245 1.97097e-14 
0.00066526 123.379 0.00140245 1.97097e-14 
0.000648428 123.754 0.00140245 1.97097e-14 
0.000632022 124.144 0.00140245 1.97097e-14 
0.000616031 124.534 0.00140245 1.97097e-14 
0.000600444 124.924 0.00140245 1.97097e-14 
0.000585252 125.315 0.00140245 1.97097e-14 
0.000570444 125.705 0.00140245 1.97097e-14 
0.000556011 126.095 0.00140245 1.97097e-14 
0.000541943 126.483 0.00140245 1.97097e-14 
0.000528231 126.862 0.00140245 1.97097e-14 
0.000514866 127.241 0.00140245 1.97097e-14 
0.000501839 127.619 0.00140245 1.97097e-14 
0.000489141 127.998 0.00140245 1.97097e-14 
0.000476765 128.377 0.00140245 1.97097e-14 
0.000464702 128.756 0.00140245 1.97097e-14 
0.000452945 129.137 0.00140245 1.97097e-14 
0.000441485 129.54 0.00140245 1.97097e-14 
0.000430314 129.943 0.00140245 1.97097e-14 
0.000419427 130.346 0.00140245 1.97097e-14 
0.000408815 130.75 0.00140245 1.97097e-14 
0.000398471 131.153 0.00140245 1.97097e-14 
0.000388389 131.556 0.00140245 1.97097e-14 
0.000378562 131.958 0.00140245 1.97097e-14 
0.000368984 132.354 0.00140245 1.97097e-14 
0.000359648 132.749 0.00140245 1.97097e-14 
0.000350548 133.145 0.00140245 1.97097e-14 
0.000341679 133.54 0.00140245 1.97097e-14 
0.000333034 133.936 0.00140245 1.97097e-14 
0.000324608 134.331 0.00140245 1.97097e-14 
0.000316395 134.735 0.00140245 1.97097e-14 
0.000308389 135.156 0.00140245 1.97097e-14 
0.000300587 135.577 0.00140245 1.97097e-14 
0.000292981 135.997 0.00140245 1.97097e-14 
0.000285568 136.418 0.00140245 1.97097e-14 
0.000278343 136.839 0.00140245 1.97097e-14 
0.000271301 137.26 0.00140245 1.97097e-14 
0.000264436 137.674 0.00140245 1.97097e-14 
0.000257746 138.084 0.00140245 1.97097e-14 
0.000251224 138.493 0.00140245 1.97097e-14 
0.000244868 138.912 0.00140245 1.97097e-14 
0.000238672 139.338 0.00140245 1.97097e-14 
0.000232634 139.765 0.00140245 1.97097e-14 
0.000226747 140.187 0.00140245 1.97097e-14 
0.00022101 140.592 0.00140245 1.97097e-14 
0.000215418 140.997 0.00140245 1.97097e-14 
0.000209968 141.403 0.00140245 1.97097e-14 
0.000204655 141.858 0.00140245 1.97097e-14 
0.000199477 142.313 0.00140245 1.97097e-14 
0.00019443 142.769 0.00140245 1.97097e-14 
0.000189511 143.193 0.00140245 1.97097e-14 
0.000184716 143.605 0.00140245 1.97097e-14 
0.000180042 144.017 0.00140245 1.97097e-14 
0.000175487 144.443 0.00140245 1.97097e-14 
0.000171047 144.881 0.00140245 1.97097e-14 
0.000166719 145.319 0.00140245 1.97097e-14 
0.000162501 145.767 0.00140245 1.97097e-14 
0.000158389 146.232 0.00140245 1.97097e-14 
0.000154382 146.698 0.00140245 1.97097e-14 
0.000150476 147.159 0.00140245 1.97097e-14 
0.000146669 147.592 0.00140245 1.97097e-14 
0.000142957 148.025 0.00140245 1.97097e-14 
0.00013934 148.459 0.00140245 1.97097e-14 
0.000135815 148.922 0.00140245 1.97097e-14 
0.000132379 149.388 0.00140245 1.97097e-14 
0.000129029 149.854 0.00140245 1.97097e-14 
0.000125765 150.303 0.00140245 1.97097e-14 
0.000122582 150.744 0.00140245 1.97097e-14 
0.000119481 151.185 0.00140245 1.97097e-14 
0.000116458 151.632 0.00140245 1.97097e-14 
0.000113511 152.084 0.00140245 1.97097e-14 
0.000110639 152.537 0.00140245 1.97097e-14 
0.00010784 152.997 0.00140245 1.97097e-14 
0.000105111 153.467 0.00140245 1.97097e-14 
0.000102452 153.938 0.00140245 1.97097e-14 
9.98598e-05 154.296 0.00140245 1.97097e-14 
9.73332e-05 154.514 0.00140245 1.97097e-14 
9.48705e-05 154.731 0.00140245 1.97097e-14 
9.24701e-05 154.943 0.00140245 1.97097e-14 
9.01304e-05 155.137 0.00140245 1.97097e-14 
8.785e-05 155.33 0.00140245 1.97097e-14 
8.56272e-05 155.524 0.00140245 1.97097e-14 
8.34607e-05 155.716 0.00140245 1.97097e-14 
8.1349e-05 155.909 0.00140245 1.97097e-14 
7.92908e-05 156.101 0.00140245 1.97097e-14 
7.72846e-05 156.293 0.00140245 1.97097e-14 
7.53292e-05 156.485 0.00140245 1.97097e-14 
7.34232e-05 156.677 0.00140245 1.97097e-14 
7.15655e-05 156.87 0.00140245 1.97097e-14 
6.97548e-05 157.063 0.00140245 1.97097e-14 
6.79899e-05 157.257 0.00140245 1.97097e-14 
6.62697e-05 157.452 0.00140245 1.97097e-14 
6.45929e-05 157.648 0.00140245 1.97097e-14 
6.29586e-05 157.844 0.00140245 1.97097e-14 
6.13657e-05 158.038 0.00140245 1.97097e-14 
5.9813e-05 158.23 0.00140245 1.97097e-14 
5.82997e-05 158.422 0.00140245 1.97097e-14 
5.68245e-05 158.616 0.00140245 1.97097e-14 
5.53868e-05 158.81 0.00140245 1.97097e-14 
5.39854e-05 159.003 0.00140245 1.97097e-14 
5.26195e-05 159.166 0.00140245 1.97097e-14 
5.12882e-05 159.297 0.00140245 1.97097e-14 
4.99905e-05 159.429 0.00140245 1.97097e-14 
4.87256e-05 159.558 0.00140245 1.97097e-14 
4.74928e-05 159.686 0.00140245 1.97097e-14 
4.62912e-05 159.814 0.00140245 1.97097e-14 
4.51199e-05 159.943 0.00140245 1.97097e-14 
4.39783e-05 160.075 0.00140245 1.97097e-14 
4.28656e-05 160.207 0.00140245 1.97097e-14 
4.1781e-05 160.338 0.00140245 1.97097e-14 
4.07239e-05 160.468 0.00140245 1.97097e-14 
3.96935e-05 160.598 0.00140245 1.97097e-14 
3.86892e-05 160.728 0.00140245 1.97097e-14 
3.77103e-05 160.86 0.00140245 1.97097e-14 
3.67562e-05 160.993 0.00140245 1.97097e-14 
3.58262e-05 161.124 0.00140245 1.97097e-14 
3.49197e-05 161.251 0.00140245 1.97097e-14 
3.40362e-05 161.377 0.00140245 1.97097e-14 
3.3175e-05 161.504 0.00140245 1.97097e-14 
3.23357e-05 161.635 0.00140245 1.97097e-14 
3.15175e-05 161.766 0.00140245 1.97097e-14 
3.07201e-05 161.897 0.00140245 1.97097e-14 
2.99428e-05 162.028 0.00140245 1.97097e-14 
2.91852e-05 162.16 0.00140245 1.97097e-14 
2.84468e-05 162.292 0.00140245 1.97097e-14 
2.7727e-05 162.425 0.00140245 1.97097e-14 
2.70255e-05 162.558 0.00140245 1.97097e-14 
2.63417e-05 162.692 0.00140245 1.97097e-14 
2.56752e-05 162.822 0.00140245 1.97097e-14 
2.50256e-05 162.951 0.00140245 1.97097e-14 
2.43924e-05 163.081 0.00140245 1.97097e-14 
2.37752e-05 163.234 0.00140245 1.97097e-14 
2.31737e-05 163.391 0.00140245 1.97097e-14 
2.25874e-05 163.549 0.00140245 1.97097e-14 
2.20159e-05 163.67 0.00140245 1.97097e-14 
2.14588e-05 163.774 0.00140245 1.97097e-14 
2.09159e-05 163.878 0.00140245 1.97097e-14 
2.03867e-05 163.975 0.00140245 1.97097e-14 
1.98708e-05 164.071 0.00140245 1.97097e-14 
1.93681e-05 164.167 0.00140245 1.97097e-14 
1.8878e-05 164.222 0.00140245 1.97097e-14 
1.84004e-05 164.256 0.00140245 1.97097e-14 
1.79348e-05 164.29 0.00140245 1.97097e-14 
1.74811e-05 164.322 0.00140245 1.97097e-14 
1.70388e-05 164.353 0.00140245 1.97097e-14 
1.66077e-05 164.385 0.00140245 1.97097e-14 
1.61874e-05 164.4 0.00140245 1.97097e-14 
1.57779e-05 164.4 0.00140245 1.97097e-14 
1.53787e-05 164.4 0.00140245 1.97097e-14 
1.49896e-05 164.419 0.00140245 1.97097e-14 
1.46103e-05 164.453 0.00140245 1.97097e-14 
1.42407e-05 164.487 0.00140245 1.97097e-14 
1.38803e-05 164.519 0.00140245 1.97097e-14 
1.35292e-05 164.551 0.00140245 1.97097e-14 
1.31868e-05 164.582 0.00140245 1.97097e-14 
1.28532e-05 164.614 0.00140245 1.97097e-14 
1.2528e-05 164.646 0.00140245 1.97097e-14 
1.2211e-05 164.678 0.00140245 1.97097e-14 
1.1902e-05 164.711 0.00140245 1.97097e-14 
1.16009e-05 164.743 0.00140245 1.97097e-14 
1.13074e-05 164.776 0.00140245 1.97097e-14 
1.10213e-05 164.81 0.00140245 1.97097e-14 
1.07424e-05 164.844 0.00140245 1.97097e-14 
1.04706e-05 164.878 0.00140245 1.97097e-14 
1.02057e-05 164.9 0.00140245 1.97097e-14 
9.94749e-06 164.9 0.00140245 1.97097e-14 
9.6958e-06 164.9 0.00140245 1.97097e-14 
9.45048e-06 164.9 0.00140245 1.97097e-14 
9.21137e-06 164.9 0.00140245 1.97097e-14 
8.97831e-06 164.9 0.00140245 1.97097e-14 
8.75114e-06 164.91 0.00140245 1.97097e-14 
8.52973e-06 164.943 0.00140245 1.97097e-14 
8.31391e-06 164.976 0.00140245 1.97097e-14 
8.10356e-06 165.0 0.00140245 1.97097e-14 
7.89852e-06 165.0 0.00140245 1.97097e-14 
7.69868e-06 165.0 0.00140245 1.97097e-14 
7.50389e-06 165.0 0.00140245 1.97097e-14 
7.31403e-06 165.0 0.00140245 1.97097e-14 
7.12897e-06 165.0 0.00140245 1.97097e-14 
6.9486e-06 165.008 0.00140245 1.97097e-14 
6.77279e-06 165.041 0.00140245 1.97097e-14 
6.60143e-06 165.074 0.00140245 1.97097e-14 
6.4344e-06 165.1 0.00140245 1.97097e-14 
6.2716e-06 165.1 0.00140245 1.97097e-14 
6.11291e-06 165.1 0.00140245 1.97097e-14 
5.95825e-06 165.1 0.00140245 1.97097e-14 
5.8075e-06 165.1 0.00140245 1.97097e-14 
5.66056e-06 165.1 0.00140245 1.97097e-14 
5.51734e-06 165.1 0.00140245 1.97097e-14 
5.37774e-06 165.1 0.00140245 1.97097e-14 
5.24167e-06 165.1 0.00140245 1.97097e-14 
5.10905e-06 165.105 0.00140245 1.97097e-14 
4.97978e-06 165.138 0.00140245 1.97097e-14 
4.85378e-06 165.17 0.00140245 1.97097e-14 
4.73097e-06 165.2 0.00140245 1.97097e-14 
4.61127e-06 165.2 0.00140245 1.97097e-14 
4.4946e-06 165.2 0.00140245 1.97097e-14 
4.38088e-06 165.2 0.00140245 1.97097e-14 
4.27004e-06 165.2 0.00140245 1.97097e-14 
4.162e-06 165.2 0.00140245 1.97097e-14 
4.05669e-06 165.201 0.00140245 1.97097e-14 
3.95405e-06 165.234 0.00140245 1.97097e-14 
3.85401e-06 165.268 0.00140245 1.97097e-14 
3.7565e-06 165.3 0.00140245 1.97097e-14 
3.66145e-06 165.3 0.00140245 1.97097e-14 
3.56881e-06 165.3 0.00140245 1.97097e-14 
3.47852e-06 165.3 0.00140245 1.97097e-14 
3.3905e-06 165.3 0.00140245 1.97097e-14 
3.30472e-06 165.3 0.00140245 1.97097e-14 
3.2211e-06 165.3 0.00140245 1.97097e-14 
3.13961e-06 165.333 0.00140245 1.97097e-14 
3.06017e-06 165.366 0.00140245 1.97097e-14 
2.98274e-06 165.399 0.00140245 1.97097e-14 
2.90727e-06 165.4 0.00140245 1.97097e-14 
2.83372e-06 165.4 0.00140245 1.97097e-14 
2.76202e-06 165.4 0.00140245 1.97097e-14 
2.69213e-06 165.4 0.00140245 1.97097e-14 
2.62402e-06 165.4 0.00140245 1.97097e-14 
2.55763e-06 165.4 0.00140245 1.97097e-14 
2.49291e-06 165.4 0.00140245 1.97097e-14 
2.42984e-06 165.4 0.00140245 1.97097e-14 
2.36836e-06 165.4 0.00140245 1.97097e-14 
2.30844e-06 165.43 0.00140245 1.97097e-14 
2.25003e-06 165.464 0.00140245 1.97097e-14 
2.1931e-06 165.498 0.00140245 1.97097e-14 
2.13761e-06 165.5 0.00140245 1.97097e-14 
2.08352e-06 165.5 0.00140245 1.97097e-14 
2.03081e-06 165.5 0.00140245 1.97097e-14 
1.97943e-06 165.553 0.00140245 1.97097e-14 
1.92934e-06 165.619 0.00140245 1.97097e-14 
1.88053e-06 165.685 0.00140245 1.97097e-14 
1.83295e-06 165.751 0.00140245 1.97097e-14 
1.78657e-06 165.817 0.00140245 1.97097e-14 
1.74137e-06 165.883 0.00140245 1.97097e-14 
1.69731e-06 165.924 0.00140245 1.97097e-14 
1.65436e-06 165.957 0.00140245 1.97097e-14 
1.61251e-06 165.99 0.00140245 1.97097e-14 
1.57171e-06 166.046 0.00140245 1.97097e-14 
1.53194e-06 166.112 0.00140245 1.97097e-14 
1.49318e-06 166.177 0.00140245 1.97097e-14 
1.4554e-06 166.243 0.00140245 1.97097e-14 
1.41858e-06 166.31 0.00140245 1.97097e-14 
1.38268e-06 166.376 0.00140245 1.97097e-14 
1.3477e-06 166.443 0.00140245 1.97097e-14 
1.3136e-06 166.511 0.00140245 1.97097e-14 
1.28037e-06 166.579 0.00140245 1.97097e-14 
1.24797e-06 166.648 0.00140245 1.97097e-14 
1.21639e-06 166.717 0.00140245 1.97097e-14 
1.18562e-06 166.787 0.00140245 1.97097e-14 
1.15562e-06 166.853 0.00140245 1.97097e-14 
1.12638e-06 166.917 0.00140245 1.97097e-14 
1.09788e-06 166.982 0.00140245 1.97097e-14 
1.0701e-06 167.048 0.00140245 1.97097e-14 
1.04303e-06 167.116 0.00140245 1.97097e-14 
1.01664e-06 167.183 0.00140245 1.97097e-14 
9.90916e-07 167.526 0.00140245 1.97097e-14 
9.65844e-07 167.964 0.00140245 1.97097e-14 
9.41407e-07 168.402 0.00140245 1.97097e-14 
9.17587e-07 168.928 0.00140245 1.97097e-14 
8.94371e-07 169.48 0.00140245 1.97097e-14 
8.71742e-07 170.032 0.00140245 1.97097e-14 
8.49686e-07 170.555 0.00140245 1.97097e-14 
8.28187e-07 171.075 0.00140245 1.97097e-14 
8.07232e-07 171.594 0.00140245 1.97097e-14 
7.86808e-07 172.119 0.00140245 1.97097e-14 
7.669e-07 172.644 0.00140245 1.97097e-14 
7.47497e-07 173.168 0.00140245 1.97097e-14 
7.28584e-07 173.693 0.00140245 1.97097e-14 
7.1015e-07 174.217 0.00140245 1.97097e-14 
6.92182e-07 174.756 0.00140245 1.97097e-14 
6.74668e-07 175.33 0.00140245 1.97097e-14 
6.57598e-07 175.905 0.00140245 1.97097e-14 
6.40959e-07 176.46 0.00140245 1.97097e-14 
6.24742e-07 176.995 0.00140245 1.97097e-14 
6.08935e-07 177.53 0.00140245 1.97097e-14 
5.93528e-07 178.073 0.00140245 1.97097e-14 
5.78511e-07 178.62 0.00140245 1.97097e-14 
5.63874e-07 179.167 0.00140245 1.97097e-14 
5.49607e-07 179.717 0.00140245 1.97097e-14 
5.35701e-07 180.267 0.00140245 1.97097e-14 
5.22147e-07 180.818 0.00140245 1.97097e-14 
5.08936e-07 181.376 0.00140245 1.97097e-14 
4.96059e-07 181.933 0.00140245 1.97097e-14 
4.83508e-07 182.506 0.00140245 1.97097e-14 
4.71274e-07 183.094 0.00140245 1.97097e-14 
4.5935e-07 183.682 0.00140245 1.97097e-14 
4.47728e-07 184.253 0.00140245 1.97097e-14 
4.364e-07 184.819 0.00140245 1.97097e-14 
4.25358e-07 185.385 0.00140245 1.97097e-14 
4.14596e-07 185.952 0.00140245 1.97097e-14 
4.04106e-07 186.519 0.00140245 1.97097e-14 
3.93882e-07 187.099 0.00140245 1.97097e-14 
3.83916e-07 187.693 0.00140245 1.97097e-14 
3.74202e-07 188.287 0.00140245 1.97097e-14 
3.64734e-07 188.844 0.00140245 1.97097e-14 
3.55506e-07 189.4 0.00140245 1.97097e-14 
3.46511e-07 189.965 0.00140245 1.97097e-14 
3.37744e-07 190.555 0.00140245 1.97097e-14 
3.29198e-07 191.146 0.00140245 1.97097e-14 
3.20869e-07 191.756 0.00140245 1.97097e-14 
3.1275e-07 192.374 0.00140245 1.97097e-14 
3.04837e-07 192.989 0.00140245 1.97097e-14 
2.97124e-07 193.589 0.00140245 1.97097e-14 
2.89607e-07 194.188 0.00140245 1.97097e-14 
2.82279e-07 194.784 0.00140245 1.97097e-14 
2.75137e-07 195.378 0.00140245 1.97097e-14 
2.68176e-07 195.975 0.00140245 1.97097e-14 
2.6139e-07 196.602 0.00140245 1.97097e-14 
2.54777e-07 197.229 0.00140245 1.97097e-14 
2.48331e-07 197.828 0.00140245 1.97097e-14 
2.42048e-07 198.416 0.00140245 1.97097e-14 
2.35923e-07 199.012 0.00140245 1.97097e-14 
2.29954e-07 199.643 0.00140245 1.97097e-14 
2.24136e-07 200.275 0.00140245 1.97097e-14 
2.18465e-07 200.907 0.00140245 1.97097e-14 
2.12937e-07 201.539 0.00140245 1.97097e-14 
2.0755e-07 202.165 0.00140245 1.97097e-14 
2.02298e-07 202.772 0.00140245 1.97097e-14 
1.9718e-07 203.378 0.00140245 1.97097e-14 
1.92191e-07 204.029 0.00140245 1.97097e-14 
1.87328e-07 204.682 0.00140245 1.97097e-14 
1.82588e-07 205.321 0.00140245 1.97097e-14 
1.77969e-07 205.948 0.00140245 1.97097e-14 
1.73466e-07 206.578 0.00140245 1.97097e-14 
1.69077e-07 207.227 0.00140245 1.97097e-14 
1.64799e-07 207.877 0.00140245 1.97097e-14 
1.60629e-07 208.495 0.00140245 1.97097e-14 
1.56565e-07 209.106 0.00140245 1.97097e-14 
1.52604e-07 209.742 0.00140245 1.97097e-14 
1.48743e-07 210.423 0.00140245 1.97097e-14 
1.44979e-07 211.104 0.00140245 1.97097e-14 
1.41311e-07 211.736 0.00140245 1.97097e-14 
1.37736e-07 212.368 0.00140245 1.97097e-14 
1.34251e-07 213.039 0.00140245 1.97097e-14 
1.30854e-07 213.721 0.00140245 1.97097e-14 
1.27543e-07 214.385 0.00140245 1.97097e-14 
1.24316e-07 215.028 0.00140245 1.97097e-14 
1.21171e-07 215.685 0.00140245 1.97097e-14 
1.18105e-07 216.379 0.00140245 1.97097e-14 
1.15117e-07 217.073 0.00140245 1.97097e-14 
1.12204e-07 217.748 0.00140245 1.97097e-14 
1.09365e-07 218.422 0.00140245 1.97097e-14 
1.06598e-07 219.096 0.00140245 1.97097e-14 
1.03901e-07 219.771 0.00140245 1.97097e-14 
1.01272e-07 220.441 0.00140245 1.97097e-14 
9.87095e-08 221.109 0.00140245 1.97097e-14 
9.6212e-08 221.777 0.00140245 1.97097e-14 
9.37777e-08 222.445 0.00140245 1.97097e-14 
9.1405e-08 223.117 0.00140245 1.97097e-14 
8.90923e-08 223.813 0.00140245 1.97097e-14 
8.68381e-08 224.509 0.00140245 1.97097e-14 
8.4641e-08 225.205 0.00140245 1.97097e-14 
8.24994e-08 225.901 0.00140245 1.97097e-14 
8.04121e-08 226.617 0.00140245 1.97097e-14 
7.83775e-08 227.336 0.00140245 1.97097e-14 
7.63944e-08 228.055 0.00140245 1.97097e-14 
7.44616e-08 228.774 0.00140245 1.97097e-14 
7.25776e-08 229.49 0.00140245 1.97097e-14 
7.07412e-08 230.206 0.00140245 1.97097e-14 
6.89514e-08 230.921 0.00140245 1.97097e-14 
6.72068e-08 231.636 0.00140245 1.97097e-14 
6.55064e-08 232.353 0.00140245 1.97097e-14 
6.38489e-08 233.073 0.00140245 1.97097e-14 
6.22335e-08 233.792 0.00140245 1.97097e-14 
6.06589e-08 234.511 0.00140245 1.97097e-14 
5.91241e-08 235.229 0.00140245 1.97097e-14 
5.76282e-08 235.939 0.00140245 1.97097e-14 
5.61701e-08 236.65 0.00140245 1.97097e-14 
5.47489e-08 237.36 0.00140245 1.97097e-14 
5.33637e-08 238.208 0.00140245 1.97097e-14 
5.20135e-08 240.296 0.00140245 1.97097e-14 
5.06975e-08 242.384 0.00140245 1.97097e-14 
4.94147e-08 244.472 0.00140245 1.97097e-14 
4.81645e-08 246.522 0.00140245 1.97097e-14 
4.69458e-08 247.297 0.00140245 1.97097e-14 
4.5758e-08 248.071 0.00140245 1.97097e-14 
4.46003e-08 248.845 0.00140245 1.97097e-14 
4.34718e-08 249.62 0.00140245 1.97097e-14 
4.23719e-08 250.392 0.00140245 1.97097e-14 
4.12998e-08 251.163 0.00140245 1.97097e-14 
4.02549e-08 251.935 0.00140245 1.97097e-14 
3.92364e-08 252.707 0.00140245 1.97097e-14 
3.82436e-08 253.487 0.00140245 1.97097e-14 
3.7276e-08 254.28 0.00140245 1.97097e-14 
3.63329e-08 255.073 0.00140245 1.97097e-14 
3.54136e-08 255.866 0.00140245 1.97097e-14 
3.45175e-08 256.658 0.00140245 1.97097e-14 
3.36442e-08 257.452 0.00140245 1.97097e-14 
3.27929e-08 258.259 0.00140245 1.97097e-14 
3.19632e-08 259.067 0.00140245 1.97097e-14 
3.11545e-08 259.874 0.00140245 1.97097e-14 
3.03662e-08 260.681 0.00140245 1.97097e-14 
2.95979e-08 261.489 0.00140245 1.97097e-14 
2.8849e-08 262.319 0.00140245 1.97097e-14 
2.81191e-08 263.157 0.00140245 1.97097e-14 
2.74077e-08 263.996 0.00140245 1.97097e-14 
2.67142e-08 264.834 0.00140245 1.97097e-14 
2.60383e-08 265.672 0.00140245 1.97097e-14 
2.53795e-08 266.525 0.00140245 1.97097e-14 
2.47373e-08 267.392 0.00140245 1.97097e-14 
2.41115e-08 268.259 0.00140245 1.97097e-14 
2.35014e-08 269.126 0.00140245 1.97097e-14 
2.29068e-08 269.994 0.00140245 1.97097e-14 
2.23272e-08 270.851 0.00140245 1.97097e-14 
2.17623e-08 271.687 0.00140245 1.97097e-14 
2.12117e-08 272.523 0.00140245 1.97097e-14 
2.0675e-08 273.359 0.00140245 1.97097e-14 
2.01519e-08 274.194 0.00140245 1.97097e-14 
1.9642e-08 275.03 0.00140245 1.97097e-14 
1.9145e-08 275.892 0.00140245 1.97097e-14 
1.86606e-08 276.756 0.00140245 1.97097e-14 
1.81885e-08 277.62 0.00140245 1.97097e-14 
1.77283e-08 278.484 0.00140245 1.97097e-14 
1.72797e-08 279.348 0.00140245 1.97097e-14 
1.68425e-08 280.244 0.00140245 1.97097e-14 
1.64164e-08 281.163 0.00140245 1.97097e-14 
1.6001e-08 282.083 0.00140245 1.97097e-14 
1.55962e-08 283.002 0.00140245 1.97097e-14 
1.52016e-08 283.921 0.00140245 1.97097e-14 
1.48169e-08 284.835 0.00140245 1.97097e-14 
1.44421e-08 285.743 0.00140245 1.97097e-14 
1.40766e-08 286.652 0.00140245 1.97097e-14 
1.37205e-08 287.56 0.00140245 1.97097e-14 
1.33733e-08 288.468 0.00140245 1.97097e-14 
1.3035e-08 289.375 0.00140245 1.97097e-14 
1.27051e-08 290.279 0.00140245 1.97097e-14 
1.23837e-08 291.182 0.00140245 1.97097e-14 
1.20704e-08 292.086 0.00140245 1.97097e-14 
1.1765e-08 292.989 0.00140245 1.97097e-14 
1.14673e-08 293.893 0.00140245 1.97097e-14 
1.11771e-08 294.822 0.00140245 1.97097e-14 
1.08943e-08 295.759 0.00140245 1.97097e-14 
1.06187e-08 296.696 0.00140245 1.97097e-14 
1.035e-08 297.632 0.00140245 1.97097e-14 
1.00882e-08 298.569 0.00140245 1.97097e-14 
9.83291e-09 299.512 0.00140245 1.97097e-14 
9.58413e-09 300.461 0.00140245 1.97097e-14 
9.34163e-09 301.409 0.00140245 1.97097e-14 
9.10527e-09 302.358 0.00140245 1.97097e-14 
8.8749e-09 303.306 0.00140245 1.97097e-14 
8.65035e-09 304.26 0.00140245 1.97097e-14 
8.43148e-09 305.228 0.00140245 1.97097e-14 
8.21815e-09 306.196 0.00140245 1.97097e-14 
8.01022e-09 307.164 0.00140245 1.97097e-14 
7.80755e-09 308.132 0.00140245 1.97097e-14 
7.61001e-09 309.1 0.00140245 1.97097e-14 
