pressure temperature CH4 H2S H2 He
974.698 646.963 0.0386357 0.0012166 0.779690529 0.182890371 
950.037 642.695 0.0386623 0.00121744 0.7796696634 0.18288547659999999 
925.999 638.442 0.0386886 0.00121827 0.7796490327000001 0.1828806373 
902.57 634.205 0.0387147 0.00121909 0.7796285559 0.1828758341 
879.734 629.983 0.0387406 0.00121991 0.7796082411 0.1828710689 
857.475 625.776 0.0387662 0.00122071 0.7795881531000001 0.1828663569 
835.78 621.586 0.0387916 0.00122151 0.7795682271000001 0.1828616829 
814.633 617.411 0.0388167 0.0012223 0.7795485360000001 0.18285706399999999 
794.022 613.252 0.0388415 0.00122309 0.7795290879000001 0.1828525021 
773.932 609.11 0.0388661 0.00122386 0.7795097856000001 0.1828479744 
754.35 604.983 0.0388904 0.00122462 0.7794907182 0.1828435018 
735.264 600.873 0.0389144 0.00122538 0.7794718938 0.1828390862 
716.66 596.779 0.0389381 0.00122613 0.7794533043000001 0.1828347257 
698.528 592.702 0.0389615 0.00122686 0.7794349416000002 0.18283041840000003 
680.854 588.641 0.0389846 0.00122759 0.7794168219 0.1828261681 
663.626 584.597 0.0390074 0.00122831 0.7793989371000001 0.1828219729 
646.835 580.57 0.0390298 0.00122901 0.7793813601 0.1828178499 
630.469 576.56 0.0390519 0.00122971 0.7793640261000001 0.1828137839 
614.518 572.568 0.0390736 0.00123039 0.7793469999 0.1828097901 
598.969 568.593 0.039095 0.00123107 0.7793302167 0.18280585330000002 
583.814 564.635 0.039116 0.00123173 0.7793137413 0.1828019887 
569.043 560.695 0.0391366 0.00123238 0.7792975818000001 0.1827981982 
554.645 556.772 0.0391569 0.00123302 0.7792816572000001 0.1827944628 
540.612 552.868 0.0391767 0.00123364 0.7792661214000001 0.18279081860000002 
526.934 548.981 0.0391962 0.00123425 0.7792508205 0.1827872295 
513.601 545.113 0.0392153 0.00123485 0.7792358355000001 0.1827837145 
500.606 541.263 0.0392339 0.00123544 0.7792212474 0.18278029259999998 
487.94 537.432 0.0392522 0.00123602 0.7792068942000001 0.18277692580000002 
475.595 533.619 0.03927 0.00123658 0.7791929298000001 0.1827736502 
463.561 529.825 0.0392874 0.00123712 0.7791792732 0.1827704468 
451.833 526.049 0.0393043 0.00123766 0.7791660216000001 0.1827673384 
440.401 522.293 0.0393208 0.00123818 0.7791530778 0.18276430219999998 
429.258 518.556 0.0393369 0.00123868 0.7791404418000001 0.1827613382 
418.397 514.839 0.0393525 0.00123918 0.7791282108 0.1827584692 
407.811 511.141 0.0393677 0.00123965 0.7791162795000001 0.1827556705 
397.493 507.462 0.0393824 0.00124012 0.7791047531999999 0.1827529668 
387.435 503.803 0.0393967 0.00124057 0.7790935347000001 0.1827503353 
377.633 500.164 0.0394105 0.001241 0.7790827050000001 0.18274779500000002 
368.078 496.545 0.0394238 0.00124142 0.7790722722000001 0.1827453478 
358.765 492.947 0.0394367 0.00124183 0.7790621553 0.1827429747 
349.688 489.368 0.0394492 0.00124222 0.7790523462000001 0.1827406738 
340.84 485.81 0.0394611 0.0012426 0.7790430150000001 0.182738485 
332.216 482.272 0.0394727 0.00124296 0.7790339106 0.1827363494 
323.811 478.755 0.0394837 0.00124331 0.7790252841 0.1827343259 
315.618 475.258 0.0394944 0.00124364 0.7790168844 0.18273235559999998 
307.632 471.782 0.0395046 0.00124396 0.7790088816 0.1827304784 
299.849 468.327 0.0395143 0.00124427 0.7790012757000001 0.18272869430000002 
292.262 464.892 0.0395236 0.00124456 0.7789939776 0.1827269824 
284.867 461.479 0.0395325 0.00124484 0.7789869954 0.1827253446 
277.66 458.087 0.039541 0.00124511 0.7789803291 0.1827237809 
270.634 454.715 0.039549 0.00124536 0.7789740516 0.18272230839999998 
263.786 451.365 0.0395567 0.0012456 0.7789680090000001 0.182720891 
257.112 448.036 0.0395639 0.00124583 0.7789623633 0.1827195667 
250.607 444.728 0.0395708 0.00124605 0.7789569525000001 0.1827182975 
244.266 441.441 0.0395773 0.00124625 0.7789518495000001 0.1827171005 
238.086 438.175 0.0395835 0.00124645 0.7789469895000001 0.1827159605 
232.062 434.931 0.0395893 0.00124663 0.7789424373 0.1827148927 
226.19 431.707 0.0395947 0.0012468 0.7789382010000001 0.182713899 
220.467 428.505 0.0395998 0.00124696 0.7789341996000001 0.1827129604 
214.889 425.324 0.0396046 0.00124711 0.7789304331000001 0.1827120769 
209.452 422.165 0.0396092 0.00124726 0.7789268286000001 0.1827112314 
204.153 419.026 0.0396134 0.00124739 0.7789235319 0.1827104581 
198.987 415.908 0.0396173 0.00124751 0.7789204701000001 0.1827097399 
193.953 412.812 0.039621 0.00124763 0.7789175703000001 0.1827090597 
189.045 409.736 0.0396244 0.00124774 0.7789149054000001 0.18270843460000002 
184.262 406.681 0.0396276 0.00124784 0.7789123944 0.1827078456 
179.6 403.647 0.0396306 0.00124793 0.7789100373000001 0.18270729270000002 
175.056 400.634 0.0396333 0.00124802 0.7789079232000001 0.18270679680000002 
170.627 397.641 0.0396358 0.0012481 0.778905963 0.182706337 
166.31 394.669 0.0396382 0.00124817 0.7789040757000001 0.1827058943 
162.102 391.718 0.0396404 0.00124824 0.7789023504 0.1827054896 
158.0 388.786 0.0396424 0.0012483 0.7789007790000001 0.182705121 
154.003 385.875 0.0396442 0.00124836 0.7788993696 0.18270479039999998 
150.106 382.985 0.0396459 0.00124841 0.7788980331 0.1827044769 
146.308 380.114 0.0396474 0.00124846 0.7788968586 0.18270420140000002 
142.606 377.263 0.0396489 0.00124851 0.7788956841000001 0.1827039259 
138.998 374.432 0.0396502 0.00124855 0.7788946635000001 0.18270368650000002 
135.481 371.62 0.0396514 0.00124859 0.7788937239 0.1827034661 
132.054 368.828 0.0396524 0.00124862 0.7788929382 0.1827032818 
128.712 366.056 0.0396534 0.00124865 0.7788921525000001 0.1827030975 
125.456 363.303 0.0396543 0.00124868 0.7788914478000001 0.1827029322 
122.282 360.569 0.0396551 0.0012487 0.778890816 0.18270278399999998 
119.188 357.854 0.0396559 0.00124873 0.7788901923000001 0.1827026377 
116.172 355.158 0.0396566 0.00124875 0.7788896415000001 0.1827025085 
113.233 352.48 0.0396572 0.00124877 0.7788891717 0.1827023983 
110.368 349.821 0.0396577 0.00124879 0.7788887829000001 0.1827023071 
107.575 347.181 0.0396582 0.0012488 0.7788883860000001 0.18270221400000003 
104.853 344.559 0.0396587 0.00124882 0.7788879972 0.1827021228 
102.2 341.955 0.0396591 0.00124883 0.7788876813000001 0.1827020487 
99.6144 339.369 0.0396594 0.00124884 0.7788874464000001 0.1827019936 
97.094 336.798 0.0396659 0.00114071 0.7787945961 0.1826802139 
94.6374 334.242 0.0396711 0.00107789 0.7787394999000001 0.18266729010000002 
92.2429 331.702 0.0396759 0.00102191 0.7786902681000001 0.1826557419 
89.909 329.177 0.0396801 0.000972503 0.77864684643 0.18264555657 
87.6342 326.669 0.0396837 0.000929339 0.7786089675900001 0.18263667141 
85.4169 324.176 0.0396869 0.000892053 0.77857617393 0.18262897907 
83.2557 321.7 0.0396896 0.000860229 0.7785482094900001 0.18262241951000002 
81.1492 319.24 0.0396919 0.000833405 0.77852461905 0.18261688595 
79.096 316.796 0.0396938 0.000811083 0.77850499923 0.18261228377 
77.0948 314.368 0.0396954 0.000792743 0.77848884783 0.18260849517 
75.1442 311.956 0.0396967 0.00077786 0.7784757396 0.1826054204 
73.2429 309.561 0.0396977 0.000765924 0.77846526144 0.18260296256 
71.3897 307.181 0.0396985 0.000756454 0.7784569427400001 0.18260101126 
69.5835 304.818 0.0396992 0.000749015 0.7784503501500001 0.18259946485 
67.8229 302.471 0.0396997 0.000743224 0.7784452544400001 0.18259826956 
66.1069 300.14 0.0397001 0.00073875 0.7784413065000001 0.1825973435 
64.4343 297.824 0.0397005 0.00073532 0.7784382042 0.1825966158 
62.804 295.524 0.0397007 0.000732705 0.7784359240500001 0.18259608095 
61.2149 293.24 0.0397009 0.000730724 0.77843415744 0.18259566655999998 
59.6661 290.971 0.039701 0.00072923 0.7784328663000001 0.1825953637 
58.1565 288.718 0.0397011 0.000728109 0.77843187729 0.18259513171 
56.685 286.48 0.0397012 0.000727271 0.77843111751 0.18259495349000002 
55.2508 284.257 0.0397013 0.000726648 0.77843053188 0.18259481612 
53.8529 282.048 0.0397014 0.000726186 0.77843007666 0.18259470934 
52.4903 279.855 0.0397014 0.000725845 0.77842980045 0.18259464455 
51.1622 277.677 0.0397014 0.000725594 0.77842959714 0.18259459686 
49.8677 275.513 0.0397014 0.00072541 0.7784294481 0.1825945619 
48.606 273.364 0.0397015 0.000725276 0.77842925856 0.18259451744 
47.3762 271.229 0.0397015 0.000725178 0.7784291791800001 0.18259449882 
46.1775 269.109 0.0397015 0.000725108 0.7784291224800001 0.18259448552 
45.0091 267.002 0.0397015 0.000725056 0.7784290803599999 0.18259447563999998 
43.8703 264.91 0.0397015 0.000725019 0.77842905039 0.18259446860999998 
42.7603 262.832 0.0397015 0.000724993 0.77842902933 0.18259446366999998 
41.6784 260.767 0.0397015 0.000724974 0.7784290139400001 0.18259446006 
40.6238 258.717 0.0397015 0.00072496 0.7784290026 0.1825944574 
39.596 256.68 0.0397015 0.000724951 0.77842899531 0.18259445569 
38.5942 254.656 0.0397015 0.000724944 0.77842898964 0.18259445436 
37.6177 252.646 0.0397015 0.000724939 0.7784289855900001 0.18259445341 
36.6659 250.649 0.0397015 0.000724936 0.77842898316 0.18259445284 
35.7382 248.665 0.0397015 0.000724933 0.77842898073 0.18259445226999999 
34.8339 246.695 0.0397015 0.000724932 0.77842897992 0.18259445208 
33.9526 244.737 0.0397015 0.000724931 0.7784289791100001 0.18259445189 
33.0935 242.793 0.0397015 0.00072493 0.7784289783 0.1825944517 
32.2562 240.861 0.0397015 0.000724929 0.77842897749 0.18259445150999998 
31.4401 238.942 0.0397015 0.000724929 0.77842897749 0.18259445150999998 
30.6446 237.035 0.0397015 0.000724929 0.77842897749 0.18259445150999998 
29.8693 235.142 0.0397015 0.000724929 0.77842897749 0.18259445150999998 
29.1135 233.26 0.0397015 0.000724928 0.77842897668 0.18259445132 
28.3769 231.391 0.0397015 0.000724928 0.77842897668 0.18259445132 
27.6589 229.534 0.0397015 0.000724928 0.77842897668 0.18259445132 
26.9591 227.689 0.0397015 0.000724928 0.77842897668 0.18259445132 
26.277 225.856 0.0397015 0.000724928 0.77842897668 0.18259445132 
25.6121 224.035 0.0397015 0.000724928 0.77842897668 0.18259445132 
24.9641 222.227 0.0397015 0.000724928 0.77842897668 0.18259445132 
24.3325 220.429 0.0397015 0.000724928 0.77842897668 0.18259445132 
23.7169 218.644 0.0397015 0.000724928 0.77842897668 0.18259445132 
23.1168 216.87 0.0397015 0.000724928 0.77842897668 0.18259445132 
22.5319 215.108 0.0397015 0.000724928 0.77842897668 0.18259445132 
21.9618 213.357 0.0397015 0.000724928 0.77842897668 0.18259445132 
21.4062 211.618 0.0397015 0.000724928 0.77842897668 0.18259445132 
20.8646 209.89 0.0397015 0.000724928 0.77842897668 0.18259445132 
20.3366 208.173 0.0397015 0.000724928 0.77842897668 0.18259445132 
19.8221 206.467 0.0397015 0.000724928 0.77842897668 0.18259445132 
19.3206 204.773 0.0397015 0.000724928 0.77842897668 0.18259445132 
18.8317 203.089 0.0397015 0.000724928 0.77842897668 0.18259445132 
18.3553 201.417 0.0397015 0.000724928 0.77842897668 0.18259445132 
17.8908 199.755 0.0397015 0.000724928 0.77842897668 0.18259445132 
17.4382 198.104 0.0397015 0.000724928 0.77842897668 0.18259445132 
16.9969 196.463 0.0397015 0.000724928 0.77842897668 0.18259445132 
16.5669 194.833 0.0397015 0.000724928 0.77842897668 0.18259445132 
16.1477 193.214 0.0397015 0.000724928 0.77842897668 0.18259445132 
15.7391 191.606 0.0397015 0.000724928 0.77842897668 0.18259445132 
15.3409 190.007 0.0397017 0.000719104 0.7784240972400001 0.18259330676000002 
14.9528 188.418 0.0397048 0.000641853 0.7783590129300001 0.18257804007 
14.5744 186.839 0.0397076 0.00057169 0.7782999129000001 0.1825641771 
14.2057 185.268 0.0397101 0.000508125 0.77824640025 0.18255162475 
13.8463 183.707 0.0397124 0.000450683 0.77819800923 0.18254027376999998 
13.4959 182.156 0.0397145 0.0003989 0.778154364 0.182530036 
13.1545 180.613 0.0397163 0.000352333 0.77811518673 0.18252084627 
12.8216 179.081 0.039718 0.000310559 0.77807997279 0.18251258621 
12.4972 177.557 0.0397195 0.000273174 0.77804847594 0.18250519806 
12.181 176.043 0.0397208 0.000239795 0.7780203859500001 0.18249860905 
11.8728 174.539 0.039722 0.000210062 0.77799533022 0.18249273178 
11.5724 173.044 0.039723 0.000183639 0.7779731175900001 0.18248752141 
11.2796 171.559 0.039724 0.000160211 0.7779533309100001 0.18248288009 
10.9942 170.083 0.0397248 0.000139486 0.7779358956600001 0.18247879034 
10.7161 168.617 0.0397255 0.000121194 0.77792051214 0.18247518186 
10.4449 167.16 0.0397261 0.000105084 0.77790697704 0.18247200696 
10.1807 165.712 0.0397267 9.09289e-05 0.777895025409 0.182469203491 
9.92307 164.274 0.0397272 7.85184e-05 0.7778845679040001 0.182466750496 
9.672 162.845 0.0397276 6.76616e-05 0.7778754498960001 0.18246461170400002 
9.42729 161.425 0.039728 5.8185e-05 0.77786744985 0.18246273515 
9.18876 160.015 0.0397283 4.99313e-05 0.777860521353 0.182461109947 
8.95627 158.614 0.0397286 4.27586e-05 0.777854468466 0.182459690134 
8.72967 157.222 0.0397289 3.6539e-05 0.7778491875900001 0.18245845141 
8.50879 155.84 0.0397291 3.11577e-05 0.777844666737 0.182457390963 
8.29351 154.467 0.0397293 2.65121e-05 0.7778407418010002 0.18245647029900003 
8.08367 153.103 0.0397294 2.25105e-05 0.7778374195050001 0.182455690995 
7.87914 151.748 0.0397296 1.90713e-05 0.777834471753 0.182454999547 
7.67978 150.402 0.0397297 1.61221e-05 0.7778320019010001 0.18245442019900002 
7.48547 149.065 0.0397298 1.35988e-05 0.777829877028 0.18245392177199998 
7.29608 147.737 0.0397299 1.14449e-05 0.7778280513690001 0.18245349353100002 
7.11148 146.418 0.0397299 9.61029e-06 0.7778265653349001 0.1824531449551 
6.93155 145.108 0.03973 8.05143e-06 0.7778252216583 0.1824528297717 
6.75615 143.808 0.0397301 6.7298e-06 0.7778240701380001 0.18245255966200002 
6.58521 142.516 0.0397301 5.61209e-06 0.7778231647929001 0.18245234729710003 
6.4186 141.232 0.0397301 4.66903e-06 0.7778224009143 0.1824521681157 
6.2562 139.958 0.0397302 3.87519e-06 0.7778216769039 0.18245199828609998 
6.0979 138.693 0.0397302 3.2086e-06 0.7778211369660001 0.182451871634 
5.94362 137.436 0.0397302 2.65023e-06 0.7778206846863001 0.1824517655437 
5.79324 136.189 0.0397302 2.18365e-06 0.7778203067565 0.1824516768935 
5.64666 134.95 0.0397302 1.79474e-06 0.7778199917394 0.18245160300059998 
5.50379 133.719 0.0397303 1.47139e-06 0.7778196488259 0.1824515225641 
5.36453 132.498 0.0397303 1.20324e-06 0.7778194316244 0.1824514716156 
5.2288 131.285 0.0397303 9.81429e-07 0.77781925195749 0.18245142947151 
5.09651 130.081 0.0397303 7.98432e-07 0.77781910372992 0.18245139470208 
4.96756 128.885 0.0397303 6.4785e-07 0.7778189817585001 0.1824513660915 
4.84187 127.698 0.0397303 5.24274e-07 0.77781888166194 0.18245134261206 
4.71936 126.52 0.0397303 4.2313e-07 0.7778187997353001 0.18245132339470002 
4.59996 125.35 0.0397303 3.40573e-07 0.7778187328641301 0.18245130770887 
4.48357 124.189 0.0397303 2.73372e-07 0.7778186784313201 0.18245129494068002 
4.37013 123.037 0.0397303 2.18823e-07 0.7778186342466301 0.18245128457637003 
4.25956 121.892 0.0397303 1.74667e-07 0.77781859848027 0.18245127618673 
4.15178 120.757 0.0397303 1.39027e-07 0.7778185696118701 0.18245126941513 
4.04674 119.63 0.0397303 1.10343e-07 0.77781854637783 0.18245126396517 
3.94435 118.511 0.0397303 8.73232e-08 0.777818527731792 0.182451259591408 
3.84455 117.401 0.0397303 6.8904e-08 0.77781851281224 0.18245125609176 
3.74728 116.3 0.0397303 5.42095e-08 0.7778185009096951 0.182451253299805 
3.65247 115.206 0.0397303 4.25214e-08 0.7778184914423341 0.18245125107906598 
3.56005 114.122 0.0397303 3.32529e-08 0.7778184839348491 0.182451249318051 
3.46998 113.045 0.0397303 2.59256e-08 0.777818477999736 0.182451247925864 
3.38218 111.977 0.0397303 2.01506e-08 0.7778184733219861 0.182451246828614 
3.29661 110.919 0.0397303 1.79883e-08 0.777818471570523 0.182451246417777 
3.2132 109.868 0.0383089 1.60284e-08 0.7789698039830041 0.18272131204539602 
3.1319 108.826 0.0372062 1.44746e-08 0.779862989724426 0.182930824750174 
3.05266 107.793 0.0361085 1.30525e-08 0.780752125572525 0.183139387479975 
2.97542 106.768 0.0350206 1.17525e-08 0.7816333235195251 0.18334608823297502 
2.90014 105.752 0.0339427 1.05655e-08 0.782506421558055 0.183550889007445 
2.82676 104.744 0.032875 9.48306e-09 0.7833712576812787 0.1837537518017814 
2.75524 103.745 0.0318178 8.49719e-09 0.7842275888827239 0.1839546196144661 
2.68552 102.753 0.0307714 7.60042e-09 0.7850751721563403 0.1841534354440798 
2.61757 101.77 0.0297362 6.78602e-09 0.7859136834966762 0.1843501232893438 
2.55135 100.796 0.0287124 6.04743e-09 0.7867429608984183 0.1845446451490117 
2.48679 99.8288 0.0277002 5.3786e-09 0.7875628423566661 0.18473696302193401 
2.42387 98.8702 0.0267002 4.77392e-09 0.7883728418668753 0.18492696290704483 
2.36254 97.9196 0.0257124 4.22814e-09 0.7891729594247935 0.1851146448033466 
2.30277 96.9769 0.0247375 3.73642e-09 0.7899626280265002 0.1852998757099198 
2.24451 96.0422 0.0237756 3.2942e-09 0.7907417666683021 0.185482636625898 
2.18772 95.1153 0.0228272 2.89726e-09 0.7915099703467806 0.18566283255047938 
2.13236 94.1963 0.0218927 2.54169e-09 0.7922669150587689 0.1858403874829211 
2.07841 93.285 0.0209725 2.22385e-09 0.7930122768013186 0.18601522542253152 
2.02582 92.3815 0.020067 1.94037e-09 0.7937457315716997 0.18618727036867028 
1.97457 91.4856 0.0191766 1.68814e-09 0.7944669553673934 0.1863564463207466 
1.92461 90.5974 0.0183019 1.46425e-09 0.7951754621860426 0.1865226392782075 
1.87591 89.7167 0.0174433 1.26604e-09 0.7958709280254924 0.1866857732405476 
1.82845 88.8436 0.0166012 1.09104e-09 0.7965530288837425 0.18684577220729762 
1.78219 87.978 0.0157763 9.36973e-10 0.7972211977589483 0.1870025031780249 
1.73709 87.1198 0.0149689 8.01751e-10 0.7978751916494184 0.1871559091523327 
1.69314 86.2689 0.0141796 6.83444e-10 0.7985145245535897 0.18730587612985436 
1.6503 85.4254 0.013409 5.80288e-10 0.7991387104700334 0.18745229011025472 
1.60855 84.5892 0.0126577 4.90658e-10 0.799747263397433 0.187595037093225 
1.56785 83.7603 0.0119261 4.13073e-10 0.8003398593345892 0.18773404107848388 
1.52818 82.9386 0.0112148 3.4618e-10 0.8009160122804059 0.1878691880657742 
1.48952 82.124 0.0105243 2.88745e-10 0.8014753172338835 0.18800038305486155 
1.45183 81.3165 0.00985534 2.39646e-10 0.8020171747941133 0.18812748544553273 
1.41509 80.5161 0.0092083 1.97869e-10 0.802541277160274 0.18825042303759512 
1.37929 79.7227 0.00858374 1.62495e-10 0.803047170731621 0.18836908943087408 
1.34439 78.9364 0.00798217 1.32695e-10 0.803534442407483 0.18848338772521203 
1.31038 78.1569 0.00740404 1.07726e-10 0.8040027276872582 0.18859323242046797 
1.27722 77.3844 0.0068498 8.6926e-11 0.8044516620704101 0.18869853801651595 
1.24491 76.6187 0.00631982 6.96993e-11 0.8048809458564564 0.18879923421324285 
1.21341 75.8598 0.00581442 5.55221e-11 0.805290319844973 0.1888952602105492 
1.18271 75.1077 0.00533388 4.39303e-11 0.8056795572355836 0.18898656280834675 
1.15278 74.3623 0.00487836 3.45168e-11 0.8060485284279587 0.1890731116065582 
1.12362 73.6237 0.00444796 2.69264e-11 0.8063971524218104 0.189154887605116 
1.09519 72.8916 0.00404266 2.08504e-11 0.806725445416889 0.1892318946039616 
1.06748 72.1662 0.0036624 1.60245e-11 0.8070334560129799 0.18930414400304466 
1.04047 71.4474 0.00330692 1.22212e-11 0.8073213948098993 0.18937168520232203 
1.01414 70.7351 0.00297591 9.24794e-12 0.8075895129074909 0.18943457710175712 
0.988482 70.0294 0.0026689 6.94276e-12 0.8078381910056237 0.18949290900131913 
0.963471 69.6519 0.00250234 5.77877e-12 0.8079731046046809 0.18952455540109797 
0.939094 69.2744 0.00234386 4.79896e-12 0.8081014734038872 0.1895546666009118 
0.915334 68.8969 0.00219324 3.97605e-12 0.8082234756032206 0.18958328440075545 
0.892174 68.5194 0.00205021 3.28652e-12 0.8083393299026621 0.18961046010062443 
0.869601 68.1625 0.00192445 2.74277e-12 0.8084411955022217 0.18963435450052113 
0.847599 67.8068 0.00180523 2.28553e-12 0.8085377637018513 0.18965700630043425 
0.826153 67.451 0.0016918 1.90034e-12 0.8086296420015393 0.18967855800036107 
0.80525 67.0953 0.00158397 1.57655e-12 0.808716984301277 0.18969904570029955 
0.784876 66.7286 0.00147734 1.29632e-12 0.80880335460105 0.1897193054002463 
0.765017 66.3486 0.00137159 1.05463e-12 0.8088890121008543 0.1897393979002004 
0.745661 65.9686 0.00127194 8.55719e-13 0.8089697286006933 0.1897583314001626 
0.726795 65.5885 0.00117816 6.92435e-13 0.809045690400561 0.18977614960013156 
0.708406 65.2085 0.00108999 5.58761e-13 0.8091171081004527 0.18979290190010617 
0.690482 64.7866 0.000995565 4.37662e-13 0.8091935923503546 0.18981084265008316 
0.673012 64.3637 0.000907694 3.41385e-13 0.8092647678602766 0.18982753814006487 
0.655984 63.9408 0.000826287 2.65323e-13 0.809330707530215 0.18984300547005042 
0.639386 63.5179 0.000750983 2.05447e-13 0.8093917037701666 0.18985731323003904 
0.623209 63.0854 0.000679536 1.5746e-13 0.8094495758401276 0.1898708881600299 
0.607441 62.6428 0.000611975 1.1936e-13 0.8095043002500968 0.1898837247500227 
0.592071 62.2002 0.00055011 9.00896e-14 0.809554410900073 0.1898954791000171 
0.577091 61.7576 0.000493562 6.76988e-14 0.809600214780055 0.18990622322001288 
0.56249 61.315 0.000441972 5.06447e-14 0.809642002680041 0.18991602532000962 
0.548258 60.9122 0.000399945 3.88207e-14 0.8096760445500316 0.1899240104500074 
0.534386 60.5107 0.000361472 2.96726e-14 0.809707207680024 0.18993132032000562 
0.520865 60.1092 0.000326146 2.25911e-14 0.8097358217400182 0.18993803226000427 
0.507687 59.7077 0.000293765 1.71309e-14 0.8097620503500139 0.18994418465000326 
0.494841 59.4132 0.000273636 1.40439e-14 0.8097783548400114 0.18994800916000268 
0.482321 59.2335 0.000264536 1.25507e-14 0.8097857258400102 0.18994973816000238 
0.470118 59.0537 0.000255646 1.12069e-14 0.8097929267400091 0.1899514272600021 
0.458223 58.8739 0.000246964 9.9984e-15 0.8097999591600081 0.1899530768400019 
0.446629 58.6943 0.000238498 8.91334e-15 0.8098068166200073 0.18995468538000168 
0.435328 58.5177 0.000230477 7.95849e-15 0.8098133136300065 0.18995620937000152 
0.424314 58.3411 0.000222646 7.10001e-15 0.8098196567400058 0.18995769726000136 
0.413578 58.1645 0.000215003 6.32875e-15 0.8098258475700052 0.1899591494300012 
0.403114 57.988 0.000207545 5.63647e-15 0.8098318885500047 0.1899605664500011 
0.392914 57.81 0.000200176 5.00997e-15 0.8098378574400041 0.18996196656000094 
0.382973 57.6307 0.000192902 4.44426e-15 0.8098437493800037 0.18996334862000086 
0.373283 57.4514 0.00018582 3.93884e-15 0.8098494858000032 0.18996469420000073 
0.363838 57.2721 0.000178928 3.4877e-15 0.8098550683200029 0.18996600368000066 
0.354633 57.0929 0.00017223 3.0857e-15 0.8098604937000026 0.1899672763000006 
0.34566 56.9167 0.000165897 2.73437e-15 0.8098656234300022 0.18996847957000051 
0.336914 56.7405 0.000159733 2.42084e-15 0.809870616270002 0.18996965073000047 
0.32839 56.5644 0.000153738 2.14129e-15 0.8098754722200018 0.1899707897800004 
0.320081 56.3882 0.000147909 1.89227e-15 0.8098801937100016 0.18997189729000036 
0.311982 56.255 0.000144512 1.73318e-15 0.8098829452800015 0.18997254272000033 
0.304089 56.165 0.000143426 1.64635e-15 0.8098838249400014 0.18997274906000033 
0.296395 56.0749 0.000142333 1.56349e-15 0.8098847102700013 0.1899729567300003 
0.288896 55.9849 0.000141233 1.48443e-15 0.8098856012700012 0.18997316573000028 
0.281586 55.895 0.000140133 1.40916e-15 0.8098864922700012 0.18997337473000026 
0.274462 55.8069 0.000139126 1.33959e-15 0.8098873079400012 0.18997356606000027 
0.267517 55.7189 0.000138111 1.27315e-15 0.809888130090001 0.18997375891000023 
0.260749 55.6309 0.00013709 1.20971e-15 0.8098889571000011 0.18997395290000024 
0.254151 55.5429 0.000136062 1.14915e-15 0.8098897897800009 0.1899741482200002 
0.247721 55.4538 0.000134973 1.09034e-15 0.809890671870001 0.18997435513000022 
0.241453 55.3637 0.000133828 1.03338e-15 0.8098915993200009 0.1899745726800002 
0.235344 55.2736 0.000132679 9.79143e-16 0.8098925300100008 0.1899747909900002 
0.229389 55.1836 0.000131524 9.27511e-16 0.8098934655600007 0.18997501044000017 
0.223586 55.0935 0.000130363 8.78351e-16 0.8098944059700007 0.18997523103000016 
0.217929 55.003 0.000129181 8.31314e-16 0.8098953633900007 0.18997545561000015 
0.212415 54.9126 0.000127994 7.86589e-16 0.8098963248600007 0.18997568114000016 
0.20704 54.8221 0.000126804 7.44072e-16 0.8098972887600007 0.18997590724000016 
0.201802 54.7317 0.000125611 7.03664e-16 0.8098982550900006 0.18997613391000012 
0.196696 54.6714 0.000125887 6.837e-16 0.8098980315300005 0.1899760814700001 
0.191719 54.6274 0.00012696 6.74079e-16 0.8098971624000005 0.18997587760000012 
0.186868 54.5834 0.000128038 6.64553e-16 0.8098962892200006 0.18997567278000013 
0.18214 54.5395 0.000129123 6.5512e-16 0.8098954103700006 0.18997546663000012 
0.177532 54.4956 0.000130218 6.45837e-16 0.8098945234200006 0.18997525858000014 
0.17304 54.4526 0.000131364 6.37154e-16 0.8098935951600006 0.18997504084000014 
0.168662 54.4096 0.000132516 6.28547e-16 0.8098926620400007 0.18997482196000012 
0.164394 54.3666 0.000133675 6.20022e-16 0.8098917232500006 0.1899746017500001 
0.160235 54.3236 0.00013484 6.11572e-16 0.8098907796000007 0.18997438040000014 
0.156181 54.2898 0.000136511 6.08345e-16 0.8098894260900005 0.1899740629100001 
0.152229 54.2673 0.000138814 6.11381e-16 0.8098875606600006 0.18997362534000012 
0.148377 54.2448 0.000141156 6.1442e-16 0.8098856636400006 0.18997318036000013 
0.144623 54.2223 0.000143536 6.17466e-16 0.8098837358400005 0.18997272816000013 
0.140964 54.1995 0.000145941 6.20384e-16 0.8098817877900006 0.18997227121000013 
0.137397 54.154 0.000147049 6.10337e-16 0.8098808903100005 0.1899720606900001 
0.133921 54.1084 0.00014816 6.0041e-16 0.8098799904000006 0.1899718496000001 
0.130533 54.0628 0.000149275 5.90603e-16 0.8098790872500006 0.18997163775000012 
0.12723 54.0173 0.000150394 5.80914e-16 0.8098781808600004 0.1899714251400001 
0.124011 53.973 0.000151593 5.72019e-16 0.8098772096700005 0.18997119733000012 
0.120873 53.9295 0.000152846 5.6363e-16 0.8098761947400005 0.1899709592600001 
0.117815 53.8859 0.000154104 5.55328e-16 0.8098751757600005 0.1899707202400001 
0.114834 53.8424 0.000155368 5.47113e-16 0.8098741519200005 0.1899704800800001 
0.111928 53.8 0.000156707 5.39532e-16 0.8098730673300005 0.1899702256700001 
0.109096 53.8 0.000160775 5.53537e-16 0.8098697722500005 0.1899694527500001 
0.106336 53.8 0.000164948 5.67906e-16 0.8098663921200006 0.1899686598800001 
0.103646 53.8 0.00016923 5.82648e-16 0.8098629237000005 0.1899678463000001 
0.101023 53.8 0.000173623 5.97772e-16 0.8098593653700005 0.1899670116300001 
0.0984672 53.8134 0.000179091 6.20999e-16 0.8098549362900006 0.18996597271000012 
0.0959759 53.8356 0.000185387 6.50454e-16 0.8098498365300005 0.18996477647000012 
0.0935475 53.8578 0.000191902 6.81293e-16 0.8098445593800007 0.18996353862000012 
0.0911806 53.88 0.000198645 7.13584e-16 0.8098390975500006 0.18996225745000012 
0.0888736 53.9022 0.000205623 7.47396e-16 0.8098334453700007 0.18996093163000013 
0.086625 53.9245 0.000212852 7.82855e-16 0.8098275898800007 0.18995955812000015 
0.0844332 53.9468 0.000220334 8.19983e-16 0.8098215294600007 0.18995813654000016 
0.0822969 53.9691 0.000228077 8.5886e-16 0.8098152576300007 0.18995666537000017 
0.0802147 53.9914 0.000236091 8.99563e-16 0.8098087662900008 0.18995514271000016 
0.0781851 54.0137 0.000244384 9.4218e-16 0.8098020489600007 0.18995356704000016 
0.0762069 54.036 0.000252966 9.86794e-16 0.8097950975400009 0.1899519364600002 
0.0742788 54.0583 0.000261848 1.03351e-15 0.8097879031200009 0.1899502488800002 
0.0723994 54.0806 0.000271041 1.08242e-15 0.809780456790001 0.18994850221000023 
0.0705675 54.1057 0.00028087 1.13659e-15 0.809772495300001 0.18994663470000023 
0.068782 54.1501 0.000293288 1.21483e-15 0.809762436720001 0.18994427528000024 
0.0670418 54.1945 0.000306244 1.29836e-15 0.8097519423600011 0.18994181364000026 
0.0653455 54.2389 0.000319764 1.38754e-15 0.8097409911600011 0.18993924484000024 
0.0636922 54.2832 0.000333872 1.48276e-15 0.8097295636800013 0.18993656432000028 
0.0620807 54.3276 0.000348592 1.5844e-15 0.8097176404800013 0.1899337675200003 
0.0605099 54.372 0.00036395 1.69289e-15 0.8097052005000014 0.18993084950000033 
0.0589789 54.4164 0.000379974 1.8087e-15 0.8096922210600015 0.18992780494000033 
0.0574867 54.4608 0.000396692 1.9323e-15 0.8096786794800016 0.18992462852000036 
0.0560321 54.5118 0.000415204 2.0766e-15 0.8096636847600018 0.1899211112400004 
0.0546144 54.6125 0.000443094 2.33452e-15 0.8096410938600019 0.18991581214000045 
0.0532326 54.7132 0.000472788 2.6236e-15 0.8096170417200023 0.1899101702800005 
0.0518857 54.814 0.000504401 2.94749e-15 0.8095914351900024 0.18990416381000055 
0.0505729 54.9147 0.000538048 3.31025e-15 0.8095641811200027 0.18989777088000062 
0.0492934 55.0155 0.000573859 3.71642e-15 0.8095351742100031 0.1898909667900007 
0.0480462 55.1162 0.000611968 4.17106e-15 0.8095043059200036 0.18988372608000081 
0.0468305 55.217 0.000652514 4.67981e-15 0.8094714636600039 0.1898760223400009 
0.0456456 55.3177 0.000695649 5.24888e-15 0.8094365243100043 0.189867826690001 
0.0444907 55.4265 0.00074379 5.92694e-15 0.8093975301000048 0.1898586799000011 
0.043365 55.571 0.000805944 6.90315e-15 0.8093471853600056 0.1898468706400013 
0.0422678 55.7156 0.000873042 8.03485e-15 0.8092928359800065 0.18983412202000152 
0.0411984 55.8602 0.000945461 9.34597e-15 0.8092341765900076 0.18982036241000178 
0.040156 56.0048 0.0010236 1.0864e-14 0.8091708840000088 0.18980551600000206 
0.03914 56.1493 0.0011079 1.26205e-14 0.8091026010000103 0.1897894990000024 
0.0381497 56.2939 0.0011988 1.46516e-14 0.8090289720000119 0.18977222800000276 
0.0371845 56.4385 0.00129681 1.69988e-14 0.8089495839000138 0.18975360610000322 
0.0362436 56.583 0.00140245 1.97097e-14 0.808864015500016 0.18973353450000374 
0.0353266 56.7298 0.00140245 1.97097e-14 0.808864015500016 0.18973353450000374 
0.0344328 56.8856 0.00140245 1.97097e-14 0.808864015500016 0.18973353450000374 
0.0335616 57.0415 0.00140245 1.97097e-14 0.808864015500016 0.18973353450000374 
0.0327124 57.1973 0.00140245 1.97097e-14 0.808864015500016 0.18973353450000374 
0.0318848 57.3532 0.00140245 1.97097e-14 0.808864015500016 0.18973353450000374 
0.031078 57.509 0.00140245 1.97097e-14 0.808864015500016 0.18973353450000374 
0.0302917 57.6649 0.00140245 1.97097e-14 0.808864015500016 0.18973353450000374 
0.0295253 57.8207 0.00140245 1.97097e-14 0.808864015500016 0.18973353450000374 
0.0287782 57.9766 0.00140245 1.97097e-14 0.808864015500016 0.18973353450000374 
0.0280501 58.1555 0.00140245 1.97097e-14 0.808864015500016 0.18973353450000374 
0.0273404 58.4227 0.00140245 1.97097e-14 0.808864015500016 0.18973353450000374 
0.0266486 58.6898 0.00140245 1.97097e-14 0.808864015500016 0.18973353450000374 
0.0259744 58.9569 0.00140245 1.97097e-14 0.808864015500016 0.18973353450000374 
0.0253172 59.224 0.00140245 1.97097e-14 0.808864015500016 0.18973353450000374 
0.0246766 59.4911 0.00140245 1.97097e-14 0.808864015500016 0.18973353450000374 
0.0240523 59.7582 0.00140245 1.97097e-14 0.808864015500016 0.18973353450000374 
0.0234437 60.0253 0.00140245 1.97097e-14 0.808864015500016 0.18973353450000374 
0.0228506 60.2924 0.00140245 1.97097e-14 0.808864015500016 0.18973353450000374 
0.0222724 60.5597 0.00140245 1.97097e-14 0.808864015500016 0.18973353450000374 
0.0217089 60.8272 0.00140245 1.97097e-14 0.808864015500016 0.18973353450000374 
0.0211596 61.0948 0.00140245 1.97097e-14 0.808864015500016 0.18973353450000374 
0.0206242 61.3624 0.00140245 1.97097e-14 0.808864015500016 0.18973353450000374 
0.0201024 61.63 0.00140245 1.97097e-14 0.808864015500016 0.18973353450000374 
0.0195938 61.8975 0.00140245 1.97097e-14 0.808864015500016 0.18973353450000374 
0.019098 62.1651 0.00140245 1.97097e-14 0.808864015500016 0.18973353450000374 
0.0186148 62.4327 0.00140245 1.97097e-14 0.808864015500016 0.18973353450000374 
0.0181438 62.7002 0.00140245 1.97097e-14 0.808864015500016 0.18973353450000374 
0.0176848 63.0059 0.00140245 1.97097e-14 0.808864015500016 0.18973353450000374 
0.0172373 63.4238 0.00140245 1.97097e-14 0.808864015500016 0.18973353450000374 
0.0168012 63.8417 0.00140245 1.97097e-14 0.808864015500016 0.18973353450000374 
0.0163761 64.2597 0.00140245 1.97097e-14 0.808864015500016 0.18973353450000374 
0.0159617 64.6776 0.00140245 1.97097e-14 0.808864015500016 0.18973353450000374 
0.0155579 65.0955 0.00140245 1.97097e-14 0.808864015500016 0.18973353450000374 
0.0151642 65.5134 0.00140245 1.97097e-14 0.808864015500016 0.18973353450000374 
0.0147806 65.9313 0.00140245 1.97097e-14 0.808864015500016 0.18973353450000374 
0.0144066 66.3492 0.00140245 1.97097e-14 0.808864015500016 0.18973353450000374 
0.0140421 66.7697 0.00140245 1.97097e-14 0.808864015500016 0.18973353450000374 
0.0136868 67.2038 0.00140245 1.97097e-14 0.808864015500016 0.18973353450000374 
0.0133405 67.6378 0.00140245 1.97097e-14 0.808864015500016 0.18973353450000374 
0.013003 68.0719 0.00140245 1.97097e-14 0.808864015500016 0.18973353450000374 
0.012674 68.506 0.00140245 1.97097e-14 0.808864015500016 0.18973353450000374 
0.0123533 68.94 0.00140245 1.97097e-14 0.808864015500016 0.18973353450000374 
0.0120407 69.3741 0.00140245 1.97097e-14 0.808864015500016 0.18973353450000374 
0.0117361 69.8081 0.00140245 1.97097e-14 0.808864015500016 0.18973353450000374 
0.0114391 70.2422 0.00140245 1.97097e-14 0.808864015500016 0.18973353450000374 
0.0111497 70.6826 0.00140245 1.97097e-14 0.808864015500016 0.18973353450000374 
0.0108676 71.1532 0.00140245 1.97097e-14 0.808864015500016 0.18973353450000374 
0.0105926 71.6237 0.00140245 1.97097e-14 0.808864015500016 0.18973353450000374 
0.0103246 72.0943 0.00140245 1.97097e-14 0.808864015500016 0.18973353450000374 
0.0100634 72.5648 0.00140245 1.97097e-14 0.808864015500016 0.18973353450000374 
0.00980878 73.0354 0.00140245 1.97097e-14 0.808864015500016 0.18973353450000374 
0.0095606 73.506 0.00140245 1.97097e-14 0.808864015500016 0.18973353450000374 
0.0093187 73.9765 0.00140245 1.97097e-14 0.808864015500016 0.18973353450000374 
0.00908293 74.4471 0.00140245 1.97097e-14 0.808864015500016 0.18973353450000374 
0.00885311 74.995 0.00140245 1.97097e-14 0.808864015500016 0.18973353450000374 
0.00862911 75.7753 0.00140245 1.97097e-14 0.808864015500016 0.18973353450000374 
0.00841078 76.5556 0.00140245 1.97097e-14 0.808864015500016 0.18973353450000374 
0.00819797 77.3359 0.00140245 1.97097e-14 0.808864015500016 0.18973353450000374 
0.00799055 78.1162 0.00140245 1.97097e-14 0.808864015500016 0.18973353450000374 
0.00778838 78.8965 0.00140245 1.97097e-14 0.808864015500016 0.18973353450000374 
0.00759132 79.6768 0.00140245 1.97097e-14 0.808864015500016 0.18973353450000374 
0.00739925 80.4571 0.00140245 1.97097e-14 0.808864015500016 0.18973353450000374 
0.00721204 81.2374 0.00140245 1.97097e-14 0.808864015500016 0.18973353450000374 
0.00702956 82.0415 0.00140245 1.97097e-14 0.808864015500016 0.18973353450000374 
0.0068517 82.907 0.00140245 1.97097e-14 0.808864015500016 0.18973353450000374 
0.00667834 83.7726 0.00140245 1.97097e-14 0.808864015500016 0.18973353450000374 
0.00650937 84.6381 0.00140245 1.97097e-14 0.808864015500016 0.18973353450000374 
0.00634467 85.5037 0.00140245 1.97097e-14 0.808864015500016 0.18973353450000374 
0.00618414 86.3692 0.00140245 1.97097e-14 0.808864015500016 0.18973353450000374 
0.00602767 87.2348 0.00140245 1.97097e-14 0.808864015500016 0.18973353450000374 
0.00587517 88.1003 0.00140245 1.97097e-14 0.808864015500016 0.18973353450000374 
0.00572651 88.9659 0.00140245 1.97097e-14 0.808864015500016 0.18973353450000374 
0.00558162 89.8506 0.00140245 1.97097e-14 0.808864015500016 0.18973353450000374 
0.0054404 90.7878 0.00140245 1.97097e-14 0.808864015500016 0.18973353450000374 
0.00530275 91.725 0.00140245 1.97097e-14 0.808864015500016 0.18973353450000374 
0.00516858 92.6622 0.00140245 1.97097e-14 0.808864015500016 0.18973353450000374 
0.00503781 93.5994 0.00140245 1.97097e-14 0.808864015500016 0.18973353450000374 
0.00491034 94.5366 0.00140245 1.97097e-14 0.808864015500016 0.18973353450000374 
0.0047861 95.4738 0.00140245 1.97097e-14 0.808864015500016 0.18973353450000374 
0.00466501 96.411 0.00140245 1.97097e-14 0.808864015500016 0.18973353450000374 
0.00454697 97.3482 0.00140245 1.97097e-14 0.808864015500016 0.18973353450000374 
0.00443193 98.2854 0.00140245 1.97097e-14 0.808864015500016 0.18973353450000374 
0.00431979 98.9381 0.00140245 1.97097e-14 0.808864015500016 0.18973353450000374 
0.0042105 99.2444 0.00140245 1.97097e-14 0.808864015500016 0.18973353450000374 
0.00410396 99.5508 0.00140245 1.97097e-14 0.808864015500016 0.18973353450000374 
0.00400013 99.8571 0.00140245 1.97097e-14 0.808864015500016 0.18973353450000374 
0.00389892 100.163 0.00140245 1.97097e-14 0.808864015500016 0.18973353450000374 
0.00380027 100.47 0.00140245 1.97097e-14 0.808864015500016 0.18973353450000374 
0.00370412 100.776 0.00140245 1.97097e-14 0.808864015500016 0.18973353450000374 
0.0036104 101.082 0.00140245 1.97097e-14 0.808864015500016 0.18973353450000374 
0.00351904 101.389 0.00140245 1.97097e-14 0.808864015500016 0.18973353450000374 
0.00343001 101.695 0.00140245 1.97097e-14 0.808864015500016 0.18973353450000374 
0.00334322 102.005 0.00140245 1.97097e-14 0.808864015500016 0.18973353450000374 
0.00325863 102.316 0.00140245 1.97097e-14 0.808864015500016 0.18973353450000374 
0.00317619 102.627 0.00140245 1.97097e-14 0.808864015500016 0.18973353450000374 
0.00309582 102.938 0.00140245 1.97097e-14 0.808864015500016 0.18973353450000374 
0.00301749 103.25 0.00140245 1.97097e-14 0.808864015500016 0.18973353450000374 
0.00294115 103.561 0.00140245 1.97097e-14 0.808864015500016 0.18973353450000374 
0.00286673 103.872 0.00140245 1.97097e-14 0.808864015500016 0.18973353450000374 
0.0027942 104.183 0.00140245 1.97097e-14 0.808864015500016 0.18973353450000374 
0.0027235 104.495 0.00140245 1.97097e-14 0.808864015500016 0.18973353450000374 
0.00265459 104.81 0.00140245 1.97097e-14 0.808864015500016 0.18973353450000374 
0.00258743 105.126 0.00140245 1.97097e-14 0.808864015500016 0.18973353450000374 
0.00252196 105.443 0.00140245 1.97097e-14 0.808864015500016 0.18973353450000374 
0.00245815 105.759 0.00140245 1.97097e-14 0.808864015500016 0.18973353450000374 
0.00239596 106.076 0.00140245 1.97097e-14 0.808864015500016 0.18973353450000374 
0.00233534 106.393 0.00140245 1.97097e-14 0.808864015500016 0.18973353450000374 
0.00227625 106.709 0.00140245 1.97097e-14 0.808864015500016 0.18973353450000374 
0.00221865 107.026 0.00140245 1.97097e-14 0.808864015500016 0.18973353450000374 
0.00216252 107.345 0.00140245 1.97097e-14 0.808864015500016 0.18973353450000374 
0.0021078 107.675 0.00140245 1.97097e-14 0.808864015500016 0.18973353450000374 
0.00205447 108.005 0.00140245 1.97097e-14 0.808864015500016 0.18973353450000374 
0.00200249 108.336 0.00140245 1.97097e-14 0.808864015500016 0.18973353450000374 
0.00195182 108.666 0.00140245 1.97097e-14 0.808864015500016 0.18973353450000374 
0.00190244 108.997 0.00140245 1.97097e-14 0.808864015500016 0.18973353450000374 
0.00185431 109.327 0.00140245 1.97097e-14 0.808864015500016 0.18973353450000374 
0.00180739 109.657 0.00140245 1.97097e-14 0.808864015500016 0.18973353450000374 
0.00176166 109.988 0.00140245 1.97097e-14 0.808864015500016 0.18973353450000374 
0.00171709 110.321 0.00140245 1.97097e-14 0.808864015500016 0.18973353450000374 
0.00167364 110.654 0.00140245 1.97097e-14 0.808864015500016 0.18973353450000374 
0.0016313 110.987 0.00140245 1.97097e-14 0.808864015500016 0.18973353450000374 
0.00159002 111.321 0.00140245 1.97097e-14 0.808864015500016 0.18973353450000374 
0.00154979 111.654 0.00140245 1.97097e-14 0.808864015500016 0.18973353450000374 
0.00151058 111.987 0.00140245 1.97097e-14 0.808864015500016 0.18973353450000374 
0.00147236 112.32 0.00140245 1.97097e-14 0.808864015500016 0.18973353450000374 
0.0014351 112.654 0.00140245 1.97097e-14 0.808864015500016 0.18973353450000374 
0.00139879 113.008 0.00140245 1.97097e-14 0.808864015500016 0.18973353450000374 
0.0013634 113.365 0.00140245 1.97097e-14 0.808864015500016 0.18973353450000374 
0.00132891 113.723 0.00140245 1.97097e-14 0.808864015500016 0.18973353450000374 
0.00129528 114.081 0.00140245 1.97097e-14 0.808864015500016 0.18973353450000374 
0.00126251 114.438 0.00140245 1.97097e-14 0.808864015500016 0.18973353450000374 
0.00123057 114.796 0.00140245 1.97097e-14 0.808864015500016 0.18973353450000374 
0.00119943 115.153 0.00140245 1.97097e-14 0.808864015500016 0.18973353450000374 
0.00116908 115.511 0.00140245 1.97097e-14 0.808864015500016 0.18973353450000374 
0.0011395 115.862 0.00140245 1.97097e-14 0.808864015500016 0.18973353450000374 
0.00111067 116.214 0.00140245 1.97097e-14 0.808864015500016 0.18973353450000374 
0.00108257 116.566 0.00140245 1.97097e-14 0.808864015500016 0.18973353450000374 
0.00105518 116.917 0.00140245 1.97097e-14 0.808864015500016 0.18973353450000374 
0.00102848 117.269 0.00140245 1.97097e-14 0.808864015500016 0.18973353450000374 
0.00100246 117.62 0.00140245 1.97097e-14 0.808864015500016 0.18973353450000374 
0.000977097 117.972 0.00140245 1.97097e-14 0.808864015500016 0.18973353450000374 
0.000952375 118.326 0.00140245 1.97097e-14 0.808864015500016 0.18973353450000374 
0.000928279 118.684 0.00140245 1.97097e-14 0.808864015500016 0.18973353450000374 
0.000904791 119.041 0.00140245 1.97097e-14 0.808864015500016 0.18973353450000374 
0.000881898 119.399 0.00140245 1.97097e-14 0.808864015500016 0.18973353450000374 
0.000859585 119.757 0.00140245 1.97097e-14 0.808864015500016 0.18973353450000374 
0.000837836 120.115 0.00140245 1.97097e-14 0.808864015500016 0.18973353450000374 
0.000816637 120.472 0.00140245 1.97097e-14 0.808864015500016 0.18973353450000374 
0.000795975 120.83 0.00140245 1.97097e-14 0.808864015500016 0.18973353450000374 
0.000775836 121.193 0.00140245 1.97097e-14 0.808864015500016 0.18973353450000374 
0.000756206 121.557 0.00140245 1.97097e-14 0.808864015500016 0.18973353450000374 
0.000737073 121.922 0.00140245 1.97097e-14 0.808864015500016 0.18973353450000374 
0.000718424 122.286 0.00140245 1.97097e-14 0.808864015500016 0.18973353450000374 
0.000700246 122.65 0.00140245 1.97097e-14 0.808864015500016 0.18973353450000374 
0.000682529 123.015 0.00140245 1.97097e-14 0.808864015500016 0.18973353450000374 
0.00066526 123.379 0.00140245 1.97097e-14 0.808864015500016 0.18973353450000374 
0.000648428 123.754 0.00140245 1.97097e-14 0.808864015500016 0.18973353450000374 
0.000632022 124.144 0.00140245 1.97097e-14 0.808864015500016 0.18973353450000374 
0.000616031 124.534 0.00140245 1.97097e-14 0.808864015500016 0.18973353450000374 
0.000600444 124.924 0.00140245 1.97097e-14 0.808864015500016 0.18973353450000374 
0.000585252 125.315 0.00140245 1.97097e-14 0.808864015500016 0.18973353450000374 
0.000570444 125.705 0.00140245 1.97097e-14 0.808864015500016 0.18973353450000374 
0.000556011 126.095 0.00140245 1.97097e-14 0.808864015500016 0.18973353450000374 
0.000541943 126.483 0.00140245 1.97097e-14 0.808864015500016 0.18973353450000374 
0.000528231 126.862 0.00140245 1.97097e-14 0.808864015500016 0.18973353450000374 
0.000514866 127.241 0.00140245 1.97097e-14 0.808864015500016 0.18973353450000374 
0.000501839 127.619 0.00140245 1.97097e-14 0.808864015500016 0.18973353450000374 
0.000489141 127.998 0.00140245 1.97097e-14 0.808864015500016 0.18973353450000374 
0.000476765 128.377 0.00140245 1.97097e-14 0.808864015500016 0.18973353450000374 
0.000464702 128.756 0.00140245 1.97097e-14 0.808864015500016 0.18973353450000374 
0.000452945 129.137 0.00140245 1.97097e-14 0.808864015500016 0.18973353450000374 
0.000441485 129.54 0.00140245 1.97097e-14 0.808864015500016 0.18973353450000374 
0.000430314 129.943 0.00140245 1.97097e-14 0.808864015500016 0.18973353450000374 
0.000419427 130.346 0.00140245 1.97097e-14 0.808864015500016 0.18973353450000374 
0.000408815 130.75 0.00140245 1.97097e-14 0.808864015500016 0.18973353450000374 
0.000398471 131.153 0.00140245 1.97097e-14 0.808864015500016 0.18973353450000374 
0.000388389 131.556 0.00140245 1.97097e-14 0.808864015500016 0.18973353450000374 
0.000378562 131.958 0.00140245 1.97097e-14 0.808864015500016 0.18973353450000374 
0.000368984 132.354 0.00140245 1.97097e-14 0.808864015500016 0.18973353450000374 
0.000359648 132.749 0.00140245 1.97097e-14 0.808864015500016 0.18973353450000374 
0.000350548 133.145 0.00140245 1.97097e-14 0.808864015500016 0.18973353450000374 
0.000341679 133.54 0.00140245 1.97097e-14 0.808864015500016 0.18973353450000374 
0.000333034 133.936 0.00140245 1.97097e-14 0.808864015500016 0.18973353450000374 
0.000324608 134.331 0.00140245 1.97097e-14 0.808864015500016 0.18973353450000374 
0.000316395 134.735 0.00140245 1.97097e-14 0.808864015500016 0.18973353450000374 
0.000308389 135.156 0.00140245 1.97097e-14 0.808864015500016 0.18973353450000374 
0.000300587 135.577 0.00140245 1.97097e-14 0.808864015500016 0.18973353450000374 
0.000292981 135.997 0.00140245 1.97097e-14 0.808864015500016 0.18973353450000374 
0.000285568 136.418 0.00140245 1.97097e-14 0.808864015500016 0.18973353450000374 
0.000278343 136.839 0.00140245 1.97097e-14 0.808864015500016 0.18973353450000374 
0.000271301 137.26 0.00140245 1.97097e-14 0.808864015500016 0.18973353450000374 
0.000264436 137.674 0.00140245 1.97097e-14 0.808864015500016 0.18973353450000374 
0.000257746 138.084 0.00140245 1.97097e-14 0.808864015500016 0.18973353450000374 
0.000251224 138.493 0.00140245 1.97097e-14 0.808864015500016 0.18973353450000374 
0.000244868 138.912 0.00140245 1.97097e-14 0.808864015500016 0.18973353450000374 
0.000238672 139.338 0.00140245 1.97097e-14 0.808864015500016 0.18973353450000374 
0.000232634 139.765 0.00140245 1.97097e-14 0.808864015500016 0.18973353450000374 
0.000226747 140.187 0.00140245 1.97097e-14 0.808864015500016 0.18973353450000374 
0.00022101 140.592 0.00140245 1.97097e-14 0.808864015500016 0.18973353450000374 
0.000215418 140.997 0.00140245 1.97097e-14 0.808864015500016 0.18973353450000374 
0.000209968 141.403 0.00140245 1.97097e-14 0.808864015500016 0.18973353450000374 
0.000204655 141.858 0.00140245 1.97097e-14 0.808864015500016 0.18973353450000374 
0.000199477 142.313 0.00140245 1.97097e-14 0.808864015500016 0.18973353450000374 
0.00019443 142.769 0.00140245 1.97097e-14 0.808864015500016 0.18973353450000374 
0.000189511 143.193 0.00140245 1.97097e-14 0.808864015500016 0.18973353450000374 
0.000184716 143.605 0.00140245 1.97097e-14 0.808864015500016 0.18973353450000374 
0.000180042 144.017 0.00140245 1.97097e-14 0.808864015500016 0.18973353450000374 
0.000175487 144.443 0.00140245 1.97097e-14 0.808864015500016 0.18973353450000374 
0.000171047 144.881 0.00140245 1.97097e-14 0.808864015500016 0.18973353450000374 
0.000166719 145.319 0.00140245 1.97097e-14 0.808864015500016 0.18973353450000374 
0.000162501 145.767 0.00140245 1.97097e-14 0.808864015500016 0.18973353450000374 
0.000158389 146.232 0.00140245 1.97097e-14 0.808864015500016 0.18973353450000374 
0.000154382 146.698 0.00140245 1.97097e-14 0.808864015500016 0.18973353450000374 
0.000150476 147.159 0.00140245 1.97097e-14 0.808864015500016 0.18973353450000374 
0.000146669 147.592 0.00140245 1.97097e-14 0.808864015500016 0.18973353450000374 
0.000142957 148.025 0.00140245 1.97097e-14 0.808864015500016 0.18973353450000374 
0.00013934 148.459 0.00140245 1.97097e-14 0.808864015500016 0.18973353450000374 
0.000135815 148.922 0.00140245 1.97097e-14 0.808864015500016 0.18973353450000374 
0.000132379 149.388 0.00140245 1.97097e-14 0.808864015500016 0.18973353450000374 
0.000129029 149.854 0.00140245 1.97097e-14 0.808864015500016 0.18973353450000374 
0.000125765 150.303 0.00140245 1.97097e-14 0.808864015500016 0.18973353450000374 
0.000122582 150.744 0.00140245 1.97097e-14 0.808864015500016 0.18973353450000374 
0.000119481 151.185 0.00140245 1.97097e-14 0.808864015500016 0.18973353450000374 
0.000116458 151.632 0.00140245 1.97097e-14 0.808864015500016 0.18973353450000374 
0.000113511 152.084 0.00140245 1.97097e-14 0.808864015500016 0.18973353450000374 
0.000110639 152.537 0.00140245 1.97097e-14 0.808864015500016 0.18973353450000374 
0.00010784 152.997 0.00140245 1.97097e-14 0.808864015500016 0.18973353450000374 
0.000105111 153.467 0.00140245 1.97097e-14 0.808864015500016 0.18973353450000374 
0.000102452 153.938 0.00140245 1.97097e-14 0.808864015500016 0.18973353450000374 
9.98598e-05 154.296 0.00140245 1.97097e-14 0.808864015500016 0.18973353450000374 
9.73332e-05 154.514 0.00140245 1.97097e-14 0.808864015500016 0.18973353450000374 
9.48705e-05 154.731 0.00140245 1.97097e-14 0.808864015500016 0.18973353450000374 
9.24701e-05 154.943 0.00140245 1.97097e-14 0.808864015500016 0.18973353450000374 
9.01304e-05 155.137 0.00140245 1.97097e-14 0.808864015500016 0.18973353450000374 
8.785e-05 155.33 0.00140245 1.97097e-14 0.808864015500016 0.18973353450000374 
8.56272e-05 155.524 0.00140245 1.97097e-14 0.808864015500016 0.18973353450000374 
8.34607e-05 155.716 0.00140245 1.97097e-14 0.808864015500016 0.18973353450000374 
8.1349e-05 155.909 0.00140245 1.97097e-14 0.808864015500016 0.18973353450000374 
7.92908e-05 156.101 0.00140245 1.97097e-14 0.808864015500016 0.18973353450000374 
7.72846e-05 156.293 0.00140245 1.97097e-14 0.808864015500016 0.18973353450000374 
7.53292e-05 156.485 0.00140245 1.97097e-14 0.808864015500016 0.18973353450000374 
7.34232e-05 156.677 0.00140245 1.97097e-14 0.808864015500016 0.18973353450000374 
7.15655e-05 156.87 0.00140245 1.97097e-14 0.808864015500016 0.18973353450000374 
6.97548e-05 157.063 0.00140245 1.97097e-14 0.808864015500016 0.18973353450000374 
6.79899e-05 157.257 0.00140245 1.97097e-14 0.808864015500016 0.18973353450000374 
6.62697e-05 157.452 0.00140245 1.97097e-14 0.808864015500016 0.18973353450000374 
6.45929e-05 157.648 0.00140245 1.97097e-14 0.808864015500016 0.18973353450000374 
6.29586e-05 157.844 0.00140245 1.97097e-14 0.808864015500016 0.18973353450000374 
6.13657e-05 158.038 0.00140245 1.97097e-14 0.808864015500016 0.18973353450000374 
5.9813e-05 158.23 0.00140245 1.97097e-14 0.808864015500016 0.18973353450000374 
5.82997e-05 158.422 0.00140245 1.97097e-14 0.808864015500016 0.18973353450000374 
5.68245e-05 158.616 0.00140245 1.97097e-14 0.808864015500016 0.18973353450000374 
5.53868e-05 158.81 0.00140245 1.97097e-14 0.808864015500016 0.18973353450000374 
5.39854e-05 159.003 0.00140245 1.97097e-14 0.808864015500016 0.18973353450000374 
5.26195e-05 159.166 0.00140245 1.97097e-14 0.808864015500016 0.18973353450000374 
5.12882e-05 159.297 0.00140245 1.97097e-14 0.808864015500016 0.18973353450000374 
4.99905e-05 159.429 0.00140245 1.97097e-14 0.808864015500016 0.18973353450000374 
4.87256e-05 159.558 0.00140245 1.97097e-14 0.808864015500016 0.18973353450000374 
4.74928e-05 159.686 0.00140245 1.97097e-14 0.808864015500016 0.18973353450000374 
4.62912e-05 159.814 0.00140245 1.97097e-14 0.808864015500016 0.18973353450000374 
4.51199e-05 159.943 0.00140245 1.97097e-14 0.808864015500016 0.18973353450000374 
4.39783e-05 160.075 0.00140245 1.97097e-14 0.808864015500016 0.18973353450000374 
4.28656e-05 160.207 0.00140245 1.97097e-14 0.808864015500016 0.18973353450000374 
4.1781e-05 160.338 0.00140245 1.97097e-14 0.808864015500016 0.18973353450000374 
4.07239e-05 160.468 0.00140245 1.97097e-14 0.808864015500016 0.18973353450000374 
3.96935e-05 160.598 0.00140245 1.97097e-14 0.808864015500016 0.18973353450000374 
3.86892e-05 160.728 0.00140245 1.97097e-14 0.808864015500016 0.18973353450000374 
3.77103e-05 160.86 0.00140245 1.97097e-14 0.808864015500016 0.18973353450000374 
3.67562e-05 160.993 0.00140245 1.97097e-14 0.808864015500016 0.18973353450000374 
3.58262e-05 161.124 0.00140245 1.97097e-14 0.808864015500016 0.18973353450000374 
3.49197e-05 161.251 0.00140245 1.97097e-14 0.808864015500016 0.18973353450000374 
3.40362e-05 161.377 0.00140245 1.97097e-14 0.808864015500016 0.18973353450000374 
3.3175e-05 161.504 0.00140245 1.97097e-14 0.808864015500016 0.18973353450000374 
3.23357e-05 161.635 0.00140245 1.97097e-14 0.808864015500016 0.18973353450000374 
3.15175e-05 161.766 0.00140245 1.97097e-14 0.808864015500016 0.18973353450000374 
3.07201e-05 161.897 0.00140245 1.97097e-14 0.808864015500016 0.18973353450000374 
2.99428e-05 162.028 0.00140245 1.97097e-14 0.808864015500016 0.18973353450000374 
2.91852e-05 162.16 0.00140245 1.97097e-14 0.808864015500016 0.18973353450000374 
2.84468e-05 162.292 0.00140245 1.97097e-14 0.808864015500016 0.18973353450000374 
2.7727e-05 162.425 0.00140245 1.97097e-14 0.808864015500016 0.18973353450000374 
2.70255e-05 162.558 0.00140245 1.97097e-14 0.808864015500016 0.18973353450000374 
2.63417e-05 162.692 0.00140245 1.97097e-14 0.808864015500016 0.18973353450000374 
2.56752e-05 162.822 0.00140245 1.97097e-14 0.808864015500016 0.18973353450000374 
2.50256e-05 162.951 0.00140245 1.97097e-14 0.808864015500016 0.18973353450000374 
2.43924e-05 163.081 0.00140245 1.97097e-14 0.808864015500016 0.18973353450000374 
2.37752e-05 163.234 0.00140245 1.97097e-14 0.808864015500016 0.18973353450000374 
2.31737e-05 163.391 0.00140245 1.97097e-14 0.808864015500016 0.18973353450000374 
2.25874e-05 163.549 0.00140245 1.97097e-14 0.808864015500016 0.18973353450000374 
2.20159e-05 163.67 0.00140245 1.97097e-14 0.808864015500016 0.18973353450000374 
2.14588e-05 163.774 0.00140245 1.97097e-14 0.808864015500016 0.18973353450000374 
2.09159e-05 163.878 0.00140245 1.97097e-14 0.808864015500016 0.18973353450000374 
2.03867e-05 163.975 0.00140245 1.97097e-14 0.808864015500016 0.18973353450000374 
1.98708e-05 164.071 0.00140245 1.97097e-14 0.808864015500016 0.18973353450000374 
1.93681e-05 164.167 0.00140245 1.97097e-14 0.808864015500016 0.18973353450000374 
1.8878e-05 164.222 0.00140245 1.97097e-14 0.808864015500016 0.18973353450000374 
1.84004e-05 164.256 0.00140245 1.97097e-14 0.808864015500016 0.18973353450000374 
1.79348e-05 164.29 0.00140245 1.97097e-14 0.808864015500016 0.18973353450000374 
1.74811e-05 164.322 0.00140245 1.97097e-14 0.808864015500016 0.18973353450000374 
1.70388e-05 164.353 0.00140245 1.97097e-14 0.808864015500016 0.18973353450000374 
1.66077e-05 164.385 0.00140245 1.97097e-14 0.808864015500016 0.18973353450000374 
1.61874e-05 164.4 0.00140245 1.97097e-14 0.808864015500016 0.18973353450000374 
1.57779e-05 164.4 0.00140245 1.97097e-14 0.808864015500016 0.18973353450000374 
1.53787e-05 164.4 0.00140245 1.97097e-14 0.808864015500016 0.18973353450000374 
1.49896e-05 164.419 0.00140245 1.97097e-14 0.808864015500016 0.18973353450000374 
1.46103e-05 164.453 0.00140245 1.97097e-14 0.808864015500016 0.18973353450000374 
1.42407e-05 164.487 0.00140245 1.97097e-14 0.808864015500016 0.18973353450000374 
1.38803e-05 164.519 0.00140245 1.97097e-14 0.808864015500016 0.18973353450000374 
1.35292e-05 164.551 0.00140245 1.97097e-14 0.808864015500016 0.18973353450000374 
1.31868e-05 164.582 0.00140245 1.97097e-14 0.808864015500016 0.18973353450000374 
1.28532e-05 164.614 0.00140245 1.97097e-14 0.808864015500016 0.18973353450000374 
1.2528e-05 164.646 0.00140245 1.97097e-14 0.808864015500016 0.18973353450000374 
1.2211e-05 164.678 0.00140245 1.97097e-14 0.808864015500016 0.18973353450000374 
1.1902e-05 164.711 0.00140245 1.97097e-14 0.808864015500016 0.18973353450000374 
1.16009e-05 164.743 0.00140245 1.97097e-14 0.808864015500016 0.18973353450000374 
1.13074e-05 164.776 0.00140245 1.97097e-14 0.808864015500016 0.18973353450000374 
1.10213e-05 164.81 0.00140245 1.97097e-14 0.808864015500016 0.18973353450000374 
1.07424e-05 164.844 0.00140245 1.97097e-14 0.808864015500016 0.18973353450000374 
1.04706e-05 164.878 0.00140245 1.97097e-14 0.808864015500016 0.18973353450000374 
1.02057e-05 164.9 0.00140245 1.97097e-14 0.808864015500016 0.18973353450000374 
9.94749e-06 164.9 0.00140245 1.97097e-14 0.808864015500016 0.18973353450000374 
9.6958e-06 164.9 0.00140245 1.97097e-14 0.808864015500016 0.18973353450000374 
9.45048e-06 164.9 0.00140245 1.97097e-14 0.808864015500016 0.18973353450000374 
9.21137e-06 164.9 0.00140245 1.97097e-14 0.808864015500016 0.18973353450000374 
8.97831e-06 164.9 0.00140245 1.97097e-14 0.808864015500016 0.18973353450000374 
8.75114e-06 164.91 0.00140245 1.97097e-14 0.808864015500016 0.18973353450000374 
8.52973e-06 164.943 0.00140245 1.97097e-14 0.808864015500016 0.18973353450000374 
8.31391e-06 164.976 0.00140245 1.97097e-14 0.808864015500016 0.18973353450000374 
8.10356e-06 165.0 0.00140245 1.97097e-14 0.808864015500016 0.18973353450000374 
7.89852e-06 165.0 0.00140245 1.97097e-14 0.808864015500016 0.18973353450000374 
7.69868e-06 165.0 0.00140245 1.97097e-14 0.808864015500016 0.18973353450000374 
7.50389e-06 165.0 0.00140245 1.97097e-14 0.808864015500016 0.18973353450000374 
7.31403e-06 165.0 0.00140245 1.97097e-14 0.808864015500016 0.18973353450000374 
7.12897e-06 165.0 0.00140245 1.97097e-14 0.808864015500016 0.18973353450000374 
6.9486e-06 165.008 0.00140245 1.97097e-14 0.808864015500016 0.18973353450000374 
6.77279e-06 165.041 0.00140245 1.97097e-14 0.808864015500016 0.18973353450000374 
6.60143e-06 165.074 0.00140245 1.97097e-14 0.808864015500016 0.18973353450000374 
6.4344e-06 165.1 0.00140245 1.97097e-14 0.808864015500016 0.18973353450000374 
6.2716e-06 165.1 0.00140245 1.97097e-14 0.808864015500016 0.18973353450000374 
6.11291e-06 165.1 0.00140245 1.97097e-14 0.808864015500016 0.18973353450000374 
5.95825e-06 165.1 0.00140245 1.97097e-14 0.808864015500016 0.18973353450000374 
5.8075e-06 165.1 0.00140245 1.97097e-14 0.808864015500016 0.18973353450000374 
5.66056e-06 165.1 0.00140245 1.97097e-14 0.808864015500016 0.18973353450000374 
5.51734e-06 165.1 0.00140245 1.97097e-14 0.808864015500016 0.18973353450000374 
5.37774e-06 165.1 0.00140245 1.97097e-14 0.808864015500016 0.18973353450000374 
5.24167e-06 165.1 0.00140245 1.97097e-14 0.808864015500016 0.18973353450000374 
5.10905e-06 165.105 0.00140245 1.97097e-14 0.808864015500016 0.18973353450000374 
4.97978e-06 165.138 0.00140245 1.97097e-14 0.808864015500016 0.18973353450000374 
4.85378e-06 165.17 0.00140245 1.97097e-14 0.808864015500016 0.18973353450000374 
4.73097e-06 165.2 0.00140245 1.97097e-14 0.808864015500016 0.18973353450000374 
4.61127e-06 165.2 0.00140245 1.97097e-14 0.808864015500016 0.18973353450000374 
4.4946e-06 165.2 0.00140245 1.97097e-14 0.808864015500016 0.18973353450000374 
4.38088e-06 165.2 0.00140245 1.97097e-14 0.808864015500016 0.18973353450000374 
4.27004e-06 165.2 0.00140245 1.97097e-14 0.808864015500016 0.18973353450000374 
4.162e-06 165.2 0.00140245 1.97097e-14 0.808864015500016 0.18973353450000374 
4.05669e-06 165.201 0.00140245 1.97097e-14 0.808864015500016 0.18973353450000374 
3.95405e-06 165.234 0.00140245 1.97097e-14 0.808864015500016 0.18973353450000374 
3.85401e-06 165.268 0.00140245 1.97097e-14 0.808864015500016 0.18973353450000374 
3.7565e-06 165.3 0.00140245 1.97097e-14 0.808864015500016 0.18973353450000374 
3.66145e-06 165.3 0.00140245 1.97097e-14 0.808864015500016 0.18973353450000374 
3.56881e-06 165.3 0.00140245 1.97097e-14 0.808864015500016 0.18973353450000374 
3.47852e-06 165.3 0.00140245 1.97097e-14 0.808864015500016 0.18973353450000374 
3.3905e-06 165.3 0.00140245 1.97097e-14 0.808864015500016 0.18973353450000374 
3.30472e-06 165.3 0.00140245 1.97097e-14 0.808864015500016 0.18973353450000374 
3.2211e-06 165.3 0.00140245 1.97097e-14 0.808864015500016 0.18973353450000374 
3.13961e-06 165.333 0.00140245 1.97097e-14 0.808864015500016 0.18973353450000374 
3.06017e-06 165.366 0.00140245 1.97097e-14 0.808864015500016 0.18973353450000374 
2.98274e-06 165.399 0.00140245 1.97097e-14 0.808864015500016 0.18973353450000374 
2.90727e-06 165.4 0.00140245 1.97097e-14 0.808864015500016 0.18973353450000374 
2.83372e-06 165.4 0.00140245 1.97097e-14 0.808864015500016 0.18973353450000374 
2.76202e-06 165.4 0.00140245 1.97097e-14 0.808864015500016 0.18973353450000374 
2.69213e-06 165.4 0.00140245 1.97097e-14 0.808864015500016 0.18973353450000374 
2.62402e-06 165.4 0.00140245 1.97097e-14 0.808864015500016 0.18973353450000374 
2.55763e-06 165.4 0.00140245 1.97097e-14 0.808864015500016 0.18973353450000374 
2.49291e-06 165.4 0.00140245 1.97097e-14 0.808864015500016 0.18973353450000374 
2.42984e-06 165.4 0.00140245 1.97097e-14 0.808864015500016 0.18973353450000374 
2.36836e-06 165.4 0.00140245 1.97097e-14 0.808864015500016 0.18973353450000374 
2.30844e-06 165.43 0.00140245 1.97097e-14 0.808864015500016 0.18973353450000374 
2.25003e-06 165.464 0.00140245 1.97097e-14 0.808864015500016 0.18973353450000374 
2.1931e-06 165.498 0.00140245 1.97097e-14 0.808864015500016 0.18973353450000374 
2.13761e-06 165.5 0.00140245 1.97097e-14 0.808864015500016 0.18973353450000374 
2.08352e-06 165.5 0.00140245 1.97097e-14 0.808864015500016 0.18973353450000374 
2.03081e-06 165.5 0.00140245 1.97097e-14 0.808864015500016 0.18973353450000374 
1.97943e-06 165.553 0.00140245 1.97097e-14 0.808864015500016 0.18973353450000374 
1.92934e-06 165.619 0.00140245 1.97097e-14 0.808864015500016 0.18973353450000374 
1.88053e-06 165.685 0.00140245 1.97097e-14 0.808864015500016 0.18973353450000374 
1.83295e-06 165.751 0.00140245 1.97097e-14 0.808864015500016 0.18973353450000374 
1.78657e-06 165.817 0.00140245 1.97097e-14 0.808864015500016 0.18973353450000374 
1.74137e-06 165.883 0.00140245 1.97097e-14 0.808864015500016 0.18973353450000374 
1.69731e-06 165.924 0.00140245 1.97097e-14 0.808864015500016 0.18973353450000374 
1.65436e-06 165.957 0.00140245 1.97097e-14 0.808864015500016 0.18973353450000374 
1.61251e-06 165.99 0.00140245 1.97097e-14 0.808864015500016 0.18973353450000374 
1.57171e-06 166.046 0.00140245 1.97097e-14 0.808864015500016 0.18973353450000374 
1.53194e-06 166.112 0.00140245 1.97097e-14 0.808864015500016 0.18973353450000374 
1.49318e-06 166.177 0.00140245 1.97097e-14 0.808864015500016 0.18973353450000374 
1.4554e-06 166.243 0.00140245 1.97097e-14 0.808864015500016 0.18973353450000374 
1.41858e-06 166.31 0.00140245 1.97097e-14 0.808864015500016 0.18973353450000374 
1.38268e-06 166.376 0.00140245 1.97097e-14 0.808864015500016 0.18973353450000374 
1.3477e-06 166.443 0.00140245 1.97097e-14 0.808864015500016 0.18973353450000374 
1.3136e-06 166.511 0.00140245 1.97097e-14 0.808864015500016 0.18973353450000374 
1.28037e-06 166.579 0.00140245 1.97097e-14 0.808864015500016 0.18973353450000374 
1.24797e-06 166.648 0.00140245 1.97097e-14 0.808864015500016 0.18973353450000374 
1.21639e-06 166.717 0.00140245 1.97097e-14 0.808864015500016 0.18973353450000374 
1.18562e-06 166.787 0.00140245 1.97097e-14 0.808864015500016 0.18973353450000374 
1.15562e-06 166.853 0.00140245 1.97097e-14 0.808864015500016 0.18973353450000374 
1.12638e-06 166.917 0.00140245 1.97097e-14 0.808864015500016 0.18973353450000374 
1.09788e-06 166.982 0.00140245 1.97097e-14 0.808864015500016 0.18973353450000374 
1.0701e-06 167.048 0.00140245 1.97097e-14 0.808864015500016 0.18973353450000374 
1.04303e-06 167.116 0.00140245 1.97097e-14 0.808864015500016 0.18973353450000374 
1.01664e-06 167.183 0.00140245 1.97097e-14 0.808864015500016 0.18973353450000374 
9.90916e-07 167.526 0.00140245 1.97097e-14 0.808864015500016 0.18973353450000374 
9.65844e-07 167.964 0.00140245 1.97097e-14 0.808864015500016 0.18973353450000374 
9.41407e-07 168.402 0.00140245 1.97097e-14 0.808864015500016 0.18973353450000374 
9.17587e-07 168.928 0.00140245 1.97097e-14 0.808864015500016 0.18973353450000374 
8.94371e-07 169.48 0.00140245 1.97097e-14 0.808864015500016 0.18973353450000374 
8.71742e-07 170.032 0.00140245 1.97097e-14 0.808864015500016 0.18973353450000374 
8.49686e-07 170.555 0.00140245 1.97097e-14 0.808864015500016 0.18973353450000374 
8.28187e-07 171.075 0.00140245 1.97097e-14 0.808864015500016 0.18973353450000374 
8.07232e-07 171.594 0.00140245 1.97097e-14 0.808864015500016 0.18973353450000374 
7.86808e-07 172.119 0.00140245 1.97097e-14 0.808864015500016 0.18973353450000374 
7.669e-07 172.644 0.00140245 1.97097e-14 0.808864015500016 0.18973353450000374 
7.47497e-07 173.168 0.00140245 1.97097e-14 0.808864015500016 0.18973353450000374 
7.28584e-07 173.693 0.00140245 1.97097e-14 0.808864015500016 0.18973353450000374 
7.1015e-07 174.217 0.00140245 1.97097e-14 0.808864015500016 0.18973353450000374 
6.92182e-07 174.756 0.00140245 1.97097e-14 0.808864015500016 0.18973353450000374 
6.74668e-07 175.33 0.00140245 1.97097e-14 0.808864015500016 0.18973353450000374 
6.57598e-07 175.905 0.00140245 1.97097e-14 0.808864015500016 0.18973353450000374 
6.40959e-07 176.46 0.00140245 1.97097e-14 0.808864015500016 0.18973353450000374 
6.24742e-07 176.995 0.00140245 1.97097e-14 0.808864015500016 0.18973353450000374 
6.08935e-07 177.53 0.00140245 1.97097e-14 0.808864015500016 0.18973353450000374 
5.93528e-07 178.073 0.00140245 1.97097e-14 0.808864015500016 0.18973353450000374 
5.78511e-07 178.62 0.00140245 1.97097e-14 0.808864015500016 0.18973353450000374 
5.63874e-07 179.167 0.00140245 1.97097e-14 0.808864015500016 0.18973353450000374 
5.49607e-07 179.717 0.00140245 1.97097e-14 0.808864015500016 0.18973353450000374 
5.35701e-07 180.267 0.00140245 1.97097e-14 0.808864015500016 0.18973353450000374 
5.22147e-07 180.818 0.00140245 1.97097e-14 0.808864015500016 0.18973353450000374 
5.08936e-07 181.376 0.00140245 1.97097e-14 0.808864015500016 0.18973353450000374 
4.96059e-07 181.933 0.00140245 1.97097e-14 0.808864015500016 0.18973353450000374 
4.83508e-07 182.506 0.00140245 1.97097e-14 0.808864015500016 0.18973353450000374 
4.71274e-07 183.094 0.00140245 1.97097e-14 0.808864015500016 0.18973353450000374 
4.5935e-07 183.682 0.00140245 1.97097e-14 0.808864015500016 0.18973353450000374 
4.47728e-07 184.253 0.00140245 1.97097e-14 0.808864015500016 0.18973353450000374 
4.364e-07 184.819 0.00140245 1.97097e-14 0.808864015500016 0.18973353450000374 
4.25358e-07 185.385 0.00140245 1.97097e-14 0.808864015500016 0.18973353450000374 
4.14596e-07 185.952 0.00140245 1.97097e-14 0.808864015500016 0.18973353450000374 
4.04106e-07 186.519 0.00140245 1.97097e-14 0.808864015500016 0.18973353450000374 
3.93882e-07 187.099 0.00140245 1.97097e-14 0.808864015500016 0.18973353450000374 
3.83916e-07 187.693 0.00140245 1.97097e-14 0.808864015500016 0.18973353450000374 
3.74202e-07 188.287 0.00140245 1.97097e-14 0.808864015500016 0.18973353450000374 
3.64734e-07 188.844 0.00140245 1.97097e-14 0.808864015500016 0.18973353450000374 
3.55506e-07 189.4 0.00140245 1.97097e-14 0.808864015500016 0.18973353450000374 
3.46511e-07 189.965 0.00140245 1.97097e-14 0.808864015500016 0.18973353450000374 
3.37744e-07 190.555 0.00140245 1.97097e-14 0.808864015500016 0.18973353450000374 
3.29198e-07 191.146 0.00140245 1.97097e-14 0.808864015500016 0.18973353450000374 
3.20869e-07 191.756 0.00140245 1.97097e-14 0.808864015500016 0.18973353450000374 
3.1275e-07 192.374 0.00140245 1.97097e-14 0.808864015500016 0.18973353450000374 
3.04837e-07 192.989 0.00140245 1.97097e-14 0.808864015500016 0.18973353450000374 
2.97124e-07 193.589 0.00140245 1.97097e-14 0.808864015500016 0.18973353450000374 
2.89607e-07 194.188 0.00140245 1.97097e-14 0.808864015500016 0.18973353450000374 
2.82279e-07 194.784 0.00140245 1.97097e-14 0.808864015500016 0.18973353450000374 
2.75137e-07 195.378 0.00140245 1.97097e-14 0.808864015500016 0.18973353450000374 
2.68176e-07 195.975 0.00140245 1.97097e-14 0.808864015500016 0.18973353450000374 
2.6139e-07 196.602 0.00140245 1.97097e-14 0.808864015500016 0.18973353450000374 
2.54777e-07 197.229 0.00140245 1.97097e-14 0.808864015500016 0.18973353450000374 
2.48331e-07 197.828 0.00140245 1.97097e-14 0.808864015500016 0.18973353450000374 
2.42048e-07 198.416 0.00140245 1.97097e-14 0.808864015500016 0.18973353450000374 
2.35923e-07 199.012 0.00140245 1.97097e-14 0.808864015500016 0.18973353450000374 
2.29954e-07 199.643 0.00140245 1.97097e-14 0.808864015500016 0.18973353450000374 
2.24136e-07 200.275 0.00140245 1.97097e-14 0.808864015500016 0.18973353450000374 
2.18465e-07 200.907 0.00140245 1.97097e-14 0.808864015500016 0.18973353450000374 
2.12937e-07 201.539 0.00140245 1.97097e-14 0.808864015500016 0.18973353450000374 
2.0755e-07 202.165 0.00140245 1.97097e-14 0.808864015500016 0.18973353450000374 
2.02298e-07 202.772 0.00140245 1.97097e-14 0.808864015500016 0.18973353450000374 
1.9718e-07 203.378 0.00140245 1.97097e-14 0.808864015500016 0.18973353450000374 
1.92191e-07 204.029 0.00140245 1.97097e-14 0.808864015500016 0.18973353450000374 
1.87328e-07 204.682 0.00140245 1.97097e-14 0.808864015500016 0.18973353450000374 
1.82588e-07 205.321 0.00140245 1.97097e-14 0.808864015500016 0.18973353450000374 
1.77969e-07 205.948 0.00140245 1.97097e-14 0.808864015500016 0.18973353450000374 
1.73466e-07 206.578 0.00140245 1.97097e-14 0.808864015500016 0.18973353450000374 
1.69077e-07 207.227 0.00140245 1.97097e-14 0.808864015500016 0.18973353450000374 
1.64799e-07 207.877 0.00140245 1.97097e-14 0.808864015500016 0.18973353450000374 
1.60629e-07 208.495 0.00140245 1.97097e-14 0.808864015500016 0.18973353450000374 
1.56565e-07 209.106 0.00140245 1.97097e-14 0.808864015500016 0.18973353450000374 
1.52604e-07 209.742 0.00140245 1.97097e-14 0.808864015500016 0.18973353450000374 
1.48743e-07 210.423 0.00140245 1.97097e-14 0.808864015500016 0.18973353450000374 
1.44979e-07 211.104 0.00140245 1.97097e-14 0.808864015500016 0.18973353450000374 
1.41311e-07 211.736 0.00140245 1.97097e-14 0.808864015500016 0.18973353450000374 
1.37736e-07 212.368 0.00140245 1.97097e-14 0.808864015500016 0.18973353450000374 
1.34251e-07 213.039 0.00140245 1.97097e-14 0.808864015500016 0.18973353450000374 
1.30854e-07 213.721 0.00140245 1.97097e-14 0.808864015500016 0.18973353450000374 
1.27543e-07 214.385 0.00140245 1.97097e-14 0.808864015500016 0.18973353450000374 
1.24316e-07 215.028 0.00140245 1.97097e-14 0.808864015500016 0.18973353450000374 
1.21171e-07 215.685 0.00140245 1.97097e-14 0.808864015500016 0.18973353450000374 
1.18105e-07 216.379 0.00140245 1.97097e-14 0.808864015500016 0.18973353450000374 
1.15117e-07 217.073 0.00140245 1.97097e-14 0.808864015500016 0.18973353450000374 
1.12204e-07 217.748 0.00140245 1.97097e-14 0.808864015500016 0.18973353450000374 
1.09365e-07 218.422 0.00140245 1.97097e-14 0.808864015500016 0.18973353450000374 
1.06598e-07 219.096 0.00140245 1.97097e-14 0.808864015500016 0.18973353450000374 
1.03901e-07 219.771 0.00140245 1.97097e-14 0.808864015500016 0.18973353450000374 
1.01272e-07 220.441 0.00140245 1.97097e-14 0.808864015500016 0.18973353450000374 
9.87095e-08 221.109 0.00140245 1.97097e-14 0.808864015500016 0.18973353450000374 
9.6212e-08 221.777 0.00140245 1.97097e-14 0.808864015500016 0.18973353450000374 
9.37777e-08 222.445 0.00140245 1.97097e-14 0.808864015500016 0.18973353450000374 
9.1405e-08 223.117 0.00140245 1.97097e-14 0.808864015500016 0.18973353450000374 
8.90923e-08 223.813 0.00140245 1.97097e-14 0.808864015500016 0.18973353450000374 
8.68381e-08 224.509 0.00140245 1.97097e-14 0.808864015500016 0.18973353450000374 
8.4641e-08 225.205 0.00140245 1.97097e-14 0.808864015500016 0.18973353450000374 
8.24994e-08 225.901 0.00140245 1.97097e-14 0.808864015500016 0.18973353450000374 
8.04121e-08 226.617 0.00140245 1.97097e-14 0.808864015500016 0.18973353450000374 
7.83775e-08 227.336 0.00140245 1.97097e-14 0.808864015500016 0.18973353450000374 
7.63944e-08 228.055 0.00140245 1.97097e-14 0.808864015500016 0.18973353450000374 
7.44616e-08 228.774 0.00140245 1.97097e-14 0.808864015500016 0.18973353450000374 
7.25776e-08 229.49 0.00140245 1.97097e-14 0.808864015500016 0.18973353450000374 
7.07412e-08 230.206 0.00140245 1.97097e-14 0.808864015500016 0.18973353450000374 
6.89514e-08 230.921 0.00140245 1.97097e-14 0.808864015500016 0.18973353450000374 
6.72068e-08 231.636 0.00140245 1.97097e-14 0.808864015500016 0.18973353450000374 
6.55064e-08 232.353 0.00140245 1.97097e-14 0.808864015500016 0.18973353450000374 
6.38489e-08 233.073 0.00140245 1.97097e-14 0.808864015500016 0.18973353450000374 
6.22335e-08 233.792 0.00140245 1.97097e-14 0.808864015500016 0.18973353450000374 
6.06589e-08 234.511 0.00140245 1.97097e-14 0.808864015500016 0.18973353450000374 
5.91241e-08 235.229 0.00140245 1.97097e-14 0.808864015500016 0.18973353450000374 
5.76282e-08 235.939 0.00140245 1.97097e-14 0.808864015500016 0.18973353450000374 
5.61701e-08 236.65 0.00140245 1.97097e-14 0.808864015500016 0.18973353450000374 
5.47489e-08 237.36 0.00140245 1.97097e-14 0.808864015500016 0.18973353450000374 
5.33637e-08 238.208 0.00140245 1.97097e-14 0.808864015500016 0.18973353450000374 
5.20135e-08 240.296 0.00140245 1.97097e-14 0.808864015500016 0.18973353450000374 
5.06975e-08 242.384 0.00140245 1.97097e-14 0.808864015500016 0.18973353450000374 
4.94147e-08 244.472 0.00140245 1.97097e-14 0.808864015500016 0.18973353450000374 
4.81645e-08 246.522 0.00140245 1.97097e-14 0.808864015500016 0.18973353450000374 
4.69458e-08 247.297 0.00140245 1.97097e-14 0.808864015500016 0.18973353450000374 
4.5758e-08 248.071 0.00140245 1.97097e-14 0.808864015500016 0.18973353450000374 
4.46003e-08 248.845 0.00140245 1.97097e-14 0.808864015500016 0.18973353450000374 
4.34718e-08 249.62 0.00140245 1.97097e-14 0.808864015500016 0.18973353450000374 
4.23719e-08 250.392 0.00140245 1.97097e-14 0.808864015500016 0.18973353450000374 
4.12998e-08 251.163 0.00140245 1.97097e-14 0.808864015500016 0.18973353450000374 
4.02549e-08 251.935 0.00140245 1.97097e-14 0.808864015500016 0.18973353450000374 
3.92364e-08 252.707 0.00140245 1.97097e-14 0.808864015500016 0.18973353450000374 
3.82436e-08 253.487 0.00140245 1.97097e-14 0.808864015500016 0.18973353450000374 
3.7276e-08 254.28 0.00140245 1.97097e-14 0.808864015500016 0.18973353450000374 
3.63329e-08 255.073 0.00140245 1.97097e-14 0.808864015500016 0.18973353450000374 
3.54136e-08 255.866 0.00140245 1.97097e-14 0.808864015500016 0.18973353450000374 
3.45175e-08 256.658 0.00140245 1.97097e-14 0.808864015500016 0.18973353450000374 
3.36442e-08 257.452 0.00140245 1.97097e-14 0.808864015500016 0.18973353450000374 
3.27929e-08 258.259 0.00140245 1.97097e-14 0.808864015500016 0.18973353450000374 
3.19632e-08 259.067 0.00140245 1.97097e-14 0.808864015500016 0.18973353450000374 
3.11545e-08 259.874 0.00140245 1.97097e-14 0.808864015500016 0.18973353450000374 
3.03662e-08 260.681 0.00140245 1.97097e-14 0.808864015500016 0.18973353450000374 
2.95979e-08 261.489 0.00140245 1.97097e-14 0.808864015500016 0.18973353450000374 
2.8849e-08 262.319 0.00140245 1.97097e-14 0.808864015500016 0.18973353450000374 
2.81191e-08 263.157 0.00140245 1.97097e-14 0.808864015500016 0.18973353450000374 
2.74077e-08 263.996 0.00140245 1.97097e-14 0.808864015500016 0.18973353450000374 
2.67142e-08 264.834 0.00140245 1.97097e-14 0.808864015500016 0.18973353450000374 
2.60383e-08 265.672 0.00140245 1.97097e-14 0.808864015500016 0.18973353450000374 
2.53795e-08 266.525 0.00140245 1.97097e-14 0.808864015500016 0.18973353450000374 
2.47373e-08 267.392 0.00140245 1.97097e-14 0.808864015500016 0.18973353450000374 
2.41115e-08 268.259 0.00140245 1.97097e-14 0.808864015500016 0.18973353450000374 
2.35014e-08 269.126 0.00140245 1.97097e-14 0.808864015500016 0.18973353450000374 
2.29068e-08 269.994 0.00140245 1.97097e-14 0.808864015500016 0.18973353450000374 
2.23272e-08 270.851 0.00140245 1.97097e-14 0.808864015500016 0.18973353450000374 
2.17623e-08 271.687 0.00140245 1.97097e-14 0.808864015500016 0.18973353450000374 
2.12117e-08 272.523 0.00140245 1.97097e-14 0.808864015500016 0.18973353450000374 
2.0675e-08 273.359 0.00140245 1.97097e-14 0.808864015500016 0.18973353450000374 
2.01519e-08 274.194 0.00140245 1.97097e-14 0.808864015500016 0.18973353450000374 
1.9642e-08 275.03 0.00140245 1.97097e-14 0.808864015500016 0.18973353450000374 
1.9145e-08 275.892 0.00140245 1.97097e-14 0.808864015500016 0.18973353450000374 
1.86606e-08 276.756 0.00140245 1.97097e-14 0.808864015500016 0.18973353450000374 
1.81885e-08 277.62 0.00140245 1.97097e-14 0.808864015500016 0.18973353450000374 
1.77283e-08 278.484 0.00140245 1.97097e-14 0.808864015500016 0.18973353450000374 
1.72797e-08 279.348 0.00140245 1.97097e-14 0.808864015500016 0.18973353450000374 
1.68425e-08 280.244 0.00140245 1.97097e-14 0.808864015500016 0.18973353450000374 
1.64164e-08 281.163 0.00140245 1.97097e-14 0.808864015500016 0.18973353450000374 
1.6001e-08 282.083 0.00140245 1.97097e-14 0.808864015500016 0.18973353450000374 
1.55962e-08 283.002 0.00140245 1.97097e-14 0.808864015500016 0.18973353450000374 
1.52016e-08 283.921 0.00140245 1.97097e-14 0.808864015500016 0.18973353450000374 
1.48169e-08 284.835 0.00140245 1.97097e-14 0.808864015500016 0.18973353450000374 
1.44421e-08 285.743 0.00140245 1.97097e-14 0.808864015500016 0.18973353450000374 
1.40766e-08 286.652 0.00140245 1.97097e-14 0.808864015500016 0.18973353450000374 
1.37205e-08 287.56 0.00140245 1.97097e-14 0.808864015500016 0.18973353450000374 
1.33733e-08 288.468 0.00140245 1.97097e-14 0.808864015500016 0.18973353450000374 
1.3035e-08 289.375 0.00140245 1.97097e-14 0.808864015500016 0.18973353450000374 
1.27051e-08 290.279 0.00140245 1.97097e-14 0.808864015500016 0.18973353450000374 
1.23837e-08 291.182 0.00140245 1.97097e-14 0.808864015500016 0.18973353450000374 
1.20704e-08 292.086 0.00140245 1.97097e-14 0.808864015500016 0.18973353450000374 
1.1765e-08 292.989 0.00140245 1.97097e-14 0.808864015500016 0.18973353450000374 
1.14673e-08 293.893 0.00140245 1.97097e-14 0.808864015500016 0.18973353450000374 
1.11771e-08 294.822 0.00140245 1.97097e-14 0.808864015500016 0.18973353450000374 
1.08943e-08 295.759 0.00140245 1.97097e-14 0.808864015500016 0.18973353450000374 
1.06187e-08 296.696 0.00140245 1.97097e-14 0.808864015500016 0.18973353450000374 
1.035e-08 297.632 0.00140245 1.97097e-14 0.808864015500016 0.18973353450000374 
1.00882e-08 298.569 0.00140245 1.97097e-14 0.808864015500016 0.18973353450000374 
9.83291e-09 299.512 0.00140245 1.97097e-14 0.808864015500016 0.18973353450000374 
9.58413e-09 300.461 0.00140245 1.97097e-14 0.808864015500016 0.18973353450000374 
9.34163e-09 301.409 0.00140245 1.97097e-14 0.808864015500016 0.18973353450000374 
9.10527e-09 302.358 0.00140245 1.97097e-14 0.808864015500016 0.18973353450000374 
8.8749e-09 303.306 0.00140245 1.97097e-14 0.808864015500016 0.18973353450000374 
8.65035e-09 304.26 0.00140245 1.97097e-14 0.808864015500016 0.18973353450000374 
8.43148e-09 305.228 0.00140245 1.97097e-14 0.808864015500016 0.18973353450000374 
8.21815e-09 306.196 0.00140245 1.97097e-14 0.808864015500016 0.18973353450000374 
8.01022e-09 307.164 0.00140245 1.97097e-14 0.808864015500016 0.18973353450000374 
7.80755e-09 308.132 0.00140245 1.97097e-14 0.808864015500016 0.18973353450000374 
7.61001e-09 309.1 0.00140245 1.97097e-14 0.808864015500016 0.18973353450000374 
